0,412.8849719,309.9822576,355.3167601,463.3756575,425.3281086,515.9234439,371.6517187,602.7354312,308.765283,224.3211983,336.4297847,617.3143446,102.3181313,639.4497635,57.98275606,230.2694074,202.2003956,376.9681684,488.1444458,579.2495145,157.0031847,473.0803314,382.7440398,307.0195434,333.4081583,204.6875668,395.5666821,302.3722871,169.8116604,389.185046,295.7025533,132.9435971,375.1333096,247.1942556,413.4114174,223.9866067,445.68711,478.7755215,551.0898293,550.0518157,245.0979396,262.3223208,629.5395142,417.0959122,579.5903726,102,426.4106002,504.9326688,447.6661703,78.54934755,391.5111748,111.8793994,203.482186,399.0801924,470.468915,243.2878953,406.9705149,498.3783703,246.1097316,522.3609863,335.5741349,458.2684803,298.377278,153.1698404,424.7257939,233.2380758,586.6327642,678.8593374,234.6252331,203.1846451,415.60077,228.3549868,447.6125557,369.0961934,472.3695587,446.0717431,521.8055193,227.2465621,485.4204363,448.0357129,375.2572451,176.283862,481.0093554,441.1915684,222.2476097,589.1392026,527.1479868,210.3734774,188.4807682,472.9450285,284.6049894,426.7177053,355.5840266,600.190803,299.8166106,547.9023636,432.126139,347.8649163,430.0418584,368.7817783,597.817698,259.0945773,330.7642665,196.0229578,340.5201903,328.6943869,313.8056724,474.1413291,393.8781537,175.3282636,125.23977,265.452444,505.5422831,504.2072986
412.8849719,0,526.8329906,767.5206838,776.2840975,783.9043309,875.0182855,43.13930922,304.9458968,480.8846015,623.6553535,390.585458,631.3517245,355.3322389,281.1867707,468.6064447,598.3794783,601.8479875,779.5415319,815.8045109,819.299701,367.7662301,687.3376172,533.1275645,178.058979,616.6044113,215.6780007,347.8059804,567.9022803,457.6308556,403.7635447,357.9972067,541.6604102,328.3428087,170.2380686,787.5436496,355.4940225,86.97700846,353.6438887,139.778396,170.4611393,548.6209985,652.3258388,245.5239296,371.4310165,619.6329559,310.8858311,837.2574276,868.1917991,849.0848014,411.8689112,678.2927097,387.7692613,456.1326561,588.4394616,238.3715587,337.2135822,713.2271728,443.4016238,627.2001276,890.0949388,287.0888364,680.1323401,115.6762724,260.3247971,513.1179202,624.2387364,188.0957203,306.4702269,263.9564358,317.5688902,132.8533026,208.1249625,851.4135305,51.00980298,285.1753846,216.7071757,405.8386379,480.0093749,896.8773606,265.0471656,403.3658389,375.3851356,267.2002994,239.61636,198.0807916,973.7787223,934.5827946,389.3289098,582.8250166,61.61980201,538.5109098,743.0168235,762.3293252,763.5607376,654.7824066,679.2532665,291.6247589,92.47702417,819.5279129,646.710136,861.3710002,214.0840956,287.8628145,531.3802781,301.4232904,736.3708305,665.5794468,830.4528885,800.9556792,291.1116624,317.7624899,239.2007525,511.7665483,528.3455309
309.9822576,526.8329906,0,481.124724,734.827871,306.6153943,385.5385843,486.466854,804.3587508,618.078474,446.4000448,172.5688268,342.5667818,244.9653037,804.8509179,295.6298361,209.7641533,280.0714195,550.4416409,305.004918,873.4901259,457.0831434,174,88.5663593,350.6479716,106.0660172,344.8042923,670.3431957,606.011551,479.0668012,679.8543962,180.4244994,294.8779409,260.9865897,380.8254193,636.9756667,173.0115603,504.7474616,347.6276744,632.0450933,696.3476143,107.5639345,491.8068727,772.3425406,695.3330137,298.1878602,330.80659,550.8003268,384.2941582,611.8055247,388.3979918,158.3982323,417.7200019,513.439383,708.3064309,425.0294107,189.620674,687.3441642,303.0280515,493.0892414,409.2554215,267.9944029,761.9324117,429.4391691,361.0124652,156.7322558,265.3469427,713.2524097,833.0240093,264.2460974,215.6687275,444.7842173,332.001506,453.2769573,507.3824987,710.3590641,414.6721597,361.1454001,536.730845,593.9983165,380.9475029,194.2395428,477.8964323,709.5244887,668.5544107,419.1097708,509.5017174,538.4663406,513.5854359,259.8499567,584.3629009,44.14748011,699.7178003,518.3097529,907.9140929,562.7583851,239.3532954,344.2237644,434.7102483,626.1349695,664.0549676,883.3011944,313.4405845,264.473061,154.7772593,608.1882932,384.0377586,577.0207969,343.1807104,546.8829857,441.6933325,398.1281201,512.0156248,262.76225,804.7384668
355.3167601,767.5206838,481.124724,0,362.856721,313.7036818,360.4899444,726.7220927,922.3448379,482.578491,163.5175832,607.9777956,820.8416412,433.9181951,975.6526021,302.3243292,271.3705953,207.2800039,90.04998612,408.5400837,536.1828046,440.3316932,557.5168159,568.8945421,653.8998394,414.1895701,559.2253571,664.0368966,384.8649114,369.1314129,627.459162,583.0694641,236.5163842,677.0118167,602.4060093,209.1721779,518.466971,799.943123,782.063936,906.228448,895.8532246,373.7606186,165.3148511,973.8634401,676.2137236,775.0928977,457.0098467,74.24284477,343.9840113,133.6001497,365.7157366,428.8507899,400.585821,398.4181221,497.4464795,805.6879048,544.7724296,350.629434,768.3469269,196.8247952,343.9607536,651.769898,488.9212616,653.5786104,507.1972003,637.4903921,215.8008341,936.0534173,1018.007859,568.5921209,521.3233162,765.5181252,579.9896551,175.1827617,722.3364867,774.7238218,784.0216834,812.9311164,396.4454565,130.6483831,775.0367733,643.6023617,446.8937234,790.5567658,755.3806987,572.8699678,347.0518693,215.4738963,461.4249668,230.0543414,826.9056778,437.0926675,340.8372045,60.08327554,637.0502335,242.0330556,683.5561425,750.4112206,702.4813165,168.2200939,381.9031291,517.4475819,603.9139011,646.7835805,334.886548,628.6811593,113.1459235,248.07257,342.6076473,69.8140387,500.6176185,459.0479278,587.857976,741.9171113,690.6265271
463.3756575,776.2840975,734.827871,362.856721,0,665.3307448,721.8337759,746.7435972,803.4880211,314.3262636,293.3342803,798.5637107,1068.833008,565.2786923,886.9616677,449.3606569,553.1771868,474.843132,277.7516877,759.0836581,174.1522323,413.9432328,861.4870864,820,741.4917397,707.4079445,626.4774537,518.0926558,209.2892735,328.5437566,457.770685,758.902497,440.5734899,837.2108456,654.2476595,161.0031056,686.9970888,841.1052253,939.0021299,909.2661876,843.6966279,636.4730945,250.2039168,908.8305673,515.5385534,1027.626391,527.7849941,359.1392488,705.4431232,286.6810074,407.1916011,742.8229937,410.1438772,321.5960199,243.9057195,911.8037069,706.6540879,63.07138812,961.6163476,242.5881283,706.5762521,794.8465261,176.6946519,686.534777,557.108607,874.4100869,506.0405122,893.9491037,933.2400549,689.5288246,665.580198,833.8806869,659.6370214,535.955222,725.2758096,648.951462,885.2869591,984.0254062,296.5467923,393.1437396,897.8312759,837.5064179,402.7964747,673.2614648,652.2737156,591.0372239,704.3323079,555.0729682,387.0322984,488.460848,822.243273,696.6039047,36.67424164,303.0528007,293.9931972,172.0726591,968.8023534,887.771367,749.675263,220.8189303,133.555232,157.4198209,701.2481729,790.2316116,582.6628528,518.4640778,462.438104,157.8131807,700.1521263,311.3534968,490.209139,480.1770507,540.2999167,964.0746859,448.9008799
425.3281086,783.9043309,306.6153943,313.7036818,665.3307448,0,92.11405973,740.9298212,1020.835932,689.405541,393.029261,477.6410786,590.0991442,435.4595274,1044.578384,373.2693398,195.9795908,237.7751038,403.5504925,94.87360012,833.778148,574.6529387,288.4874347,371.7109092,621.9847265,201.4671189,573.2058967,818.1228514,625.1663779,545.3109205,803.5004667,476.797651,309.9193443,564.9504403,617.5410918,520.5775639,441.8619694,782.0594607,654.2369601,906.5649453,944.2166065,239.0585702,425.987089,1023.706989,838.048328,543.721436,506.4740862,356.3846237,84.29116205,438.3982208,486.2941497,170.1440566,526.8557677,582.9931389,742.9650059,725.6231804,466.5115218,640.3787942,603.7093672,446.7863024,106.9626103,563.8953804,761.326474,672.3280449,554.8342095,444.0180177,200.2598312,971.1611607,1079.515632,526.9658433,471.0371535,728.5300268,575.8419922,188.7246672,752.1701935,896.9554058,712.261188,665.7063917,595.0302513,374.2258676,683.4325131,500.8492787,590.8265397,904.2577066,863.7835377,625.9792329,203.0591047,258.3660194,619.9395132,242.6375898,845.0710029,272,638.1222453,371.8494319,914.899448,514.4880951,423.8124585,648.2352968,697.413794,481.730215,651.1098218,822.5387529,575.5918693,559.7079596,253.4028413,765.2777274,204,525.404606,48.84669897,380.8254193,600.1766407,549.8590729,689.0145136,548.861549,902.013858
515.9234439,875.0182855,385.5385843,360.4899444,721.8337759,92.11405973,0,832.1117713,1112.802318,771.6249089,464.6730033,558.0573447,639.3809506,527.5225114,1136.627028,462.8055747,287.5708608,323.5428874,449.6153912,100.019998,893.640308,663.2442989,332.7281172,441.2572946,711.355045,279.5460606,665.0187967,907.0126791,701.0064194,629.5085385,890.3628474,560.9001694,396.868996,646.2832196,709.2221091,569.5278746,530.0764096,871.2485294,731.1942286,996.3699112,1036.001931,328.1005943,493.0415804,1115.423238,926.4124351,594.1077343,598.4120654,387.7692613,16.55294536,472.3071035,574.7181918,234.9170066,615.4624278,666.8043191,819.0152624,809.0648923,554.0866358,702.9722612,673.8323234,516.8761941,31.78049716,648.6208446,830.8002167,763.9175348,646.9080306,511.3403954,287.0836115,1062.503176,1171.433737,616.637657,560.8359832,816.5886357,667.0839527,201.6035714,843.8418098,988.0334002,796.8996173,738.5458686,677.2296509,391.6758864,765.8361444,578.3640722,678.8409239,995.6831825,955.3036167,718.0842569,134.3726163,243.790894,707.0007072,330.7960096,936.0555539,354.9042124,697.3643237,420.5294282,983.4490327,581.103261,465.0096773,729.6094846,787.9016436,523.6993412,720.5671377,877.5448706,665.6222653,644.6037543,345.2593228,855.1286453,262.2460677,590.8510811,44.59820624,421.7688941,691.0723551,640.794819,780.2871266,612.7217966,985.1558252
371.6517187,43.13930922,486.466854,726.7220927,746.7435972,740.9298212,832.1117713,0,334.0733452,457.9617888,584.7982558,355.2829858,606.1633443,312.2851261,319.1191,426.8969431,555.2413889,559.1511424,740.6834682,773.5437932,797.1204426,335.053727,648.9144782,495.9858869,140.8119313,574.8669411,172.800463,341.5757603,539.573906,424.4254941,393.3954753,320.632188,499.5768209,298.4292211,127.4127152,752.0877608,314.4026081,97.4063653,334.6415993,179.5132307,209.8809186,506.0039526,614.5860395,286.644379,366.5542252,591.9476328,269.7424698,796.9247141,825.2126999,810.5134175,373.9906416,636.7982412,351.8636099,425.4244939,567.3129648,228.8055943,297.0151511,683.6870629,420.0761836,590.1737032,847.0655228,254.2380774,657.8426864,73.430239,219.8635941,479.4090112,581.2787627,230.6013877,346.6193878,222.7285343,275.610232,121.6593605,165.0969412,808.6643309,36.89173349,295.160973,204.413796,388.1546084,450.2110616,856.3854272,248.6543786,370.5954668,344.2455519,280.4014979,248.2438317,161.1117625,930.639565,892.0269054,360.9432088,540,104.7377678,497.0160963,712.8597337,722.7897343,748.1884789,620.3104062,645.5912019,270.7027891,56.08029957,782.4685297,618.8093406,837.3105756,173.0924608,254.5034381,488.3052324,289.8568612,693.9459633,631.4879255,787.5563472,761.404623,258.0484451,280.8558349,216.3007166,484.6049938,522.2738745
602.7354312,304.9458968,804.3587508,922.3448379,803.4880211,1020.835932,1112.802318,334.0733452,0,492.6032887,760.4643318,687.8001163,936.1436856,588.8471788,104.3551628,659.824219,825.4513917,804.813643,905.3910757,1069.684533,779.7974096,482.2488984,973.4808678,824.990303,473.2958905,881.0136208,461.377286,285.6168763,607.3162273,557.108607,346.2730137,650.5766673,733.6184294,632.064079,423.533942,872.4316592,632.0569595,375.740602,655.9817071,304.5816803,163.8566447,801.923313,773.2173045,159.5305613,288.7923129,924.4636283,514.39479,981.1870362,1103.164992,967.3225936,562.7397267,944.2377878,524.4244464,534.6484827,566.3400039,533.8211311,619.5361168,746.0006702,747.805456,742.1724867,1122.139474,588.2754457,654.9412187,376.7505806,466.451498,812.8628421,835.6614147,199.8099097,145.6708619,543.0515629,588.6951673,434.5135211,472.4616387,1045.619912,304.2005917,155.6309738,515.800349,706.6208318,546.3853951,1040.732915,566.4432893,704.5565982,475.6490303,134.2385936,166.9730517,396.4290605,1191.874574,1119.952231,464.939781,791.0025284,272.1562051,807.0254023,778.6924939,898.448663,676.0007396,740.1216116,978.8774183,595.534214,390.1281841,920.5704753,672.0788644,834.1750416,496.8138484,588.449658,771.0337217,299.0250826,925.0913468,746.0536174,1069.439105,935.0818146,430.2859514,478.6282482,339.3655846,816.6572108,406.0110836
308.765283,480.8846015,618.078474,482.578491,314.3262636,689.405541,771.6249089,457.9617888,492.6032887,0,324.2344831,613.7662421,906.2014125,384.6881854,573.0549712,337.3218048,511.4137268,452.2488253,440.405495,768.0319004,339.1666257,169.4520581,781.4454556,686.6039615,489.8663083,637.9318145,380.2170433,207.5885353,115.9353268,146.8740957,154.029218,568.2323468,383.1579309,623.346613,392.903296,385.4672489,503.8432296,555.252195,712.3496333,606.4091028,530.8719243,550.5751538,317.9072192,594.6494766,210.0595154,872.7296259,311.4161203,525.594901,757.6285369,493.170356,230.2563788,692.5583008,201.2585402,109.0366911,111.4136437,654.5968225,514.1293612,254.568262,760.1480119,285.9545418,769.0624162,573.7612744,199.9049774,409.810932,315.2411775,720.0555534,490.1999592,581.7989343,619.2786126,468.9019087,467.6109494,561.7294723,415.4058257,640.4568682,430.8317537,337.0949421,627.30216,763.7571604,94.42986816,581.2099449,651.9202405,650.0538439,149.0369082,360.4358473,338.0443758,319.9531216,808.5202533,696.9770441,115.2605744,451.0709479,520.0240379,593.3093628,287.1375977,442.7008019,309.3622472,260.403533,854.251134,652.2829141,473.7699864,438.8530506,181.0414317,380.5916447,461.8592859,570.0324552,498.0732878,204.3771024,526.9383266,263.0779352,735.7023855,474.5229183,224.8288238,242.7694379,242.0516474,786.5526047,213.9649504
224.3211983,623.6553535,446.4000448,163.5175832,293.3342803,393.029261,464.6730033,584.7982558,760.4643318,324.2344831,0,532.9024301,785.9090278,320.0578073,816.989596,185.2835665,260,181.9587865,155.9006094,482.4738335,449.4997219,279.8035025,568.1663489,533.4838329,531.2899397,414.0736649,425.9589182,500.6006392,238.0189068,205.6501884,465.2923812,498.8947785,152.3220273,587.0306636,465.8594209,197.0304545,428.0770959,665.5441383,692.6831888,763.4055279,741.6070388,344.8144429,45.48626166,818.398436,513.1247412,743.0242257,319.6810911,221.4000903,449.3606569,225.8428657,212.7204739,450.7515946,243.3700885,235.2126697,355.562934,694.0583549,451.7576784,255.1568145,698.0350994,54.4242593,457.0393856,552.6753116,368.3069372,513.1832032,366.0122949,592.7090349,214.848784,784.0216834,860.1453366,456.5796754,418.3252323,639.027386,451.8871541,316.5896398,576.0902707,611.7164376,670.0119402,731.2680767,234.8297255,281.4409352,669.7223305,571.3090232,284.8508382,628.0398077,593.5267475,425.9131367,486.3712574,374.0655023,298.0620741,195.1332878,680.9853156,406.3988189,260.4150533,140.6556078,521.9396517,125.7060062,676.8965948,651.0583691,567.6143057,206.0873601,258.1472448,448.0379448,483.3735615,547.7271218,292.2071183,465.4911385,207.1714266,138.5712813,434.4951093,178.9413312,344.818793,307.6572769,429.121195,688.712567,536.1203223
336.4297847,390.585458,172.5688268,607.9777956,798.5637107,477.6410786,558.0573447,355.2829858,687.8001163,613.7662421,532.9024301,0,293.4552777,237.394187,671.5839486,352.1491161,348.4723805,400.8441093,663.2721915,476.4283787,913.6328584,444.3253313,303.433683,145.7943757,214.704448,278.5139135,260.5724467,610.3933158,633.9794949,496.3718364,635.781409,46.14108798,385.8769234,88.60022573,280.1428207,729.9328736,113.0707743,351.2406582,180.2692431,477.2179795,560.2927806,253.0494023,577.1325671,631.5132619,637.0211927,263.8939181,302.3524434,681.3582024,556.5554779,730.4313794,403.7140077,329.0744597,418.6287138,523.2590181,717.8091668,253.7124356,99.63934966,743.1890742,165.1484181,569.2213981,581.4137941,106.51291,787.4928571,315.1285452,307.5093495,126.1942946,399.1804103,569.0878667,694.2657992,160.0562401,146.2087549,287.5708608,233.3345238,611.1301007,383.6000521,619.8015812,245.5381844,205.1194774,550.1745178,731.0827587,208.8276802,38.94868419,464.7762903,613.0424129,574.1437102,341.2345235,680.6967019,697.9756443,499.4176609,377.9656069,442.1628659,206.0218435,762.0006562,633.9250744,920.6475982,631.0412031,291.2902333,171.6799348,299.5479928,731.9870217,704.0348003,934.0497845,196.0229578,104.5466403,276.1159177,546.8829857,525.8564443,645.3688868,515.4890881,667.3717105,401.1545837,371.8090908,445.9820624,172.904598,769.2073843
617.3143446,631.3517245,342.5667818,820.8416412,1068.833008,590.0991442,639.3809506,606.1633443,936.1436856,906.2014125,785.9090278,293.4552777,0,524.5493304,898.0005568,620.3619911,550.313547,622.5624467,892.6645507,539.7962579,1196.219461,736.8045874,306.6528982,254.0314941,477.8807383,412.0800893,549.634424,898.1803828,919.3269277,783.5336623,927.1774372,339.5364487,633.5905618,311.9647416,561.9145843,978.7594189,402.48354,565.1495377,285.4487695,672.5927445,788.2055569,449.5887009,831.3904017,846.8087151,924.982162,46.69047012,595.0840277,888.324828,645.5648689,952.8536089,689.9804345,421.2006648,708.6846972,812.6229138,1008.552428,414.1618041,392.7594684,1017.543119,189.066126,829.9716863,669.91492,362.0842443,1074.609231,585.9027223,600.5880452,194.4453651,606.0008251,781.7397265,910.1631722,449.4997219,439.3688655,502.8369517,519.1579721,767.4398999,640.3194515,893.022956,426.0575079,243.1995066,838.9374232,927.3241073,374.033421,259.6247292,757.4305249,882.3542373,846.1022397,629.076307,773.7493134,846.1264681,792.3496703,602.4101593,668.5865688,385.6124998,1032.914808,860.3075032,1211.48669,897.4257629,178.7568181,341.4234907,551.674723,968.6820944,985.5135717,1211.990512,476.3202704,363.7169229,496.7293025,835.1389106,718.2485642,911.8316731,608.0666082,887.8541547,694.4299821,664.970676,734.6128232,124.7878199,1061.306742
102.3181313,355.3322389,244.9653037,433.9181951,565.2786923,435.4595274,527.5225114,312.2851261,588.8471788,384.6881854,320.0578073,237.394187,524.5493304,0,609.1214986,136.0330842,244.3215095,249.0622412,467.5660381,480.8700448,676.2403419,217.3499482,417.7319715,303.8486465,220.2044505,298.1174265,140.0357097,426.3801121,396.7089613,259.5168588,434.9919539,194.9897433,197.8004044,272.8259518,185.3968716,513.1335109,124.3261839,371.6476826,376.7240369,487.3243273,509.8431131,214.4621179,360.6244584,589.6278487,450.9988914,489.2320513,86.14522622,507.4100906,519.1627876,538.013011,166.4241569,360.8794813,184.613109,288.0902636,484.3160125,375.3851356,141.6615685,508.1830379,397.202719,346.6597756,539.8018155,234.0790465,550.8475288,240.5202694,124.040316,335.6441568,269.2006686,539.5451788,644.413687,137.0328428,100.9009415,332.3567361,151.0926868,497.566076,319.0376153,477.1519674,352.2797184,419.4877829,314.4137402,564.3846206,349.6927223,275.8350957,238.3715587,480.0802016,438.881533,192.418814,619.5869592,582.0807504,274.1714792,228.8624041,416.9412429,232.0538731,528.6066591,443.1895757,687.1651912,402.0609407,472.9926004,331.5931242,276.9855592,525.974334,466.8072407,697.298358,170.0617535,229.2116925,182.8332574,365,385.591753,416.0829244,483.4469981,480.5132672,196.918765,153.5252422,272.1323208,408.9058571,561.287805
639.4497635,281.1867707,804.8509179,975.6526021,886.9616677,1044.578384,1136.627028,319.1191,104.3551628,573.0549712,816.989596,671.5839486,898.0005568,609.1214986,0,697.413794,852.0093896,840.5932429,966.9379504,1085.304105,874.396935,537.3360215,967.9736567,814.2806641,458.9956427,889.9578642,472.8223768,370.8705974,685.0437942,619.1122677,434.521576,639.0618123,772.3172923,605.7235343,430.1825194,944.1509413,632.1091678,333.2941644,613.1834962,235.2615566,111.6288493,816.2799765,834.388998,63.2455532,378.5881667,891.2401472,543.6506231,1038.3458,1128.24687,1031.575979,610.6078938,952.5885786,575.0869499,601.2362265,655.2686472,485.9269492,615.7962325,827.6188736,709.0253874,804.4339625,1148.646595,567.198378,745.9182261,377.450659,492.7362378,793.0952024,868.617292,121.5647975,46.32493929,540.6153901,591.4355417,397.1347378,476.2877282,1086.90616,297.9530164,240.8588798,472.0381341,660.4672588,616.318911,1098.428423,524.015267,682.9128788,534.2695949,214.946505,235.3762945,420.8966619,1224.756711,1164.898708,529.4534918,824.6629615,231.8210517,813.1764876,860.1627753,957.0329148,775.7454479,809.9098715,958.9186618,557.2907679,373.2693398,988.8377015,754.0397867,927.4276252,491.5384013,568.2508249,791.5611158,371.2061422,967.3262118,817.1132113,1092.487986,994.6275685,475.5333847,520.1278689,388.0012887,783.4111309,506.2815422
57.98275606,468.6064447,295.6298361,302.3243292,449.3606569,373.2693398,462.8055747,426.8969431,659.824219,337.3218048,185.2835665,352.1491161,620.3619911,136.0330842,697.413794,0,181.0248602,145.0551619,331.6036791,440.8321676,579.0371318,202,448.1573384,375.8257575,353.2208941,301.0996513,257.2333571,444.9325792,310.9292524,191.3792047,433.2539671,315.6865534,74.96665926,402.1405227,301.0398645,380.7847161,244.1311123,497.6675597,507.6219065,606.011551,607.839617,214.7859399,227.5016483,687.3848995,465.236499,580.1560135,158.3729775,374.7212297,451.2482687,402.1206287,114.629839,355.2759491,154.3794028,228.5366491,417.1630377,511.3912397,267.0674072,397.1813188,516.9535763,217.2648154,467.872846,367.4180181,466.5147372,353.4756003,210.0595154,425.9788727,177.5443607,644.0031056,736.8391955,273.0659261,233.0708047,463.9849135,277.7696888,389.6318775,425.7346591,527.3262747,488.1167893,547.1206448,248.2841115,432.9168511,485.3720223,390.9884909,219.2031022,536.8388958,497.3690783,279.8928366,532.2490019,469.3836384,250.5773334,132.849539,529.0831693,263.8219096,413.1464631,307.7433996,613.9682402,279.5782538,534.8766213,465.9109357,400.3598381,390.5713763,368.8929384,591.9594581,303.8157336,362.4651707,161.1241757,392.3263947,270.8394358,293.9727879,421.8862406,345.4070063,230.8462692,181.3973539,321.6037935,514.8640597,541.5320858
230.2694074,598.3794783,209.7641533,271.3705953,553.1771868,195.9795908,287.5708608,555.2413889,825.4513917,511.4137268,260,348.4723805,550.313547,244.3215095,852.0093896,181.0248602,0,78.5684415,343.0699637,259.8557292,707.2609137,382.9072995,308.4752826,297.5987231,447.1028964,154.870914,384.1054543,625.0511979,464.7375603,364.6642291,614.2320408,331.9036005,129.838361,426.554803,429.2609929,437.5991316,278.7292593,606.0008251,527.7973096,726.8369831,754.0537116,102.6109156,303.1913587,833.8824857,645.8428601,504.9326688,311.1076984,341.3414713,277.7138815,402.5878786,295.5841674,192.314846,335.3759085,402.6574226,579.1934047,573.6244416,305.4914074,513.9659522,502.6221245,312.5795899,297.0605999,411.7304944,613.3530794,484.4099504,360.2846097,366.2676617,55.71355311,783.6899897,888.1632733,352.455671,297.4357073,558.0573447,391.0626548,268.0242526,563.3116367,701.0770286,556.0035971,552.5658332,418.646629,386.4000518,536.4177477,381.2217203,400.2249368,708.2781939,667.8158429,431.854142,375.4743666,355.2421709,431.2505072,66.18912297,659.9674234,165.7226599,520.4075326,310.3675241,766.0372054,384.6894852,422.6547054,506.1906755,515.8778925,420.5234833,506.5017275,707.9505632,398.0678334,406.9852577,74.94664769,570.7696558,178.0112356,398.0678334,244.8060457,337.5973934,404.499691,354.1708627,493.0649044,471.3013898,720.00625
202.2003956,601.8479875,280.0714195,207.2800039,474.843132,237.7751038,323.5428874,559.1511424,804.813643,452.2488253,181.9587865,400.8441093,622.5624467,249.0622412,840.5932429,145.0551619,78.5684415,0,270.5586813,316.764897,630.4768037,340.8240015,387.0142116,368.6353212,466.1523356,233.4137957,386.4324003,584.5545312,395.3858875,307.566253,566.8244878,377.2598574,73.73601562,471.7732506,431.7452953,360.2027207,315.2284886,620.5304183,576.1466827,735.9110001,748.3448403,173.1184566,224.7354,828.1817433,603.3837916,577.8338862,297.6927947,280.5155967,310.8472294,333.6495167,252.3667965,268.9274995,293.2200539,345.3056617,511.7753413,607.5870308,341.9766074,436.6440198,561.1719879,235.1276249,325.7759967,449.6409679,540.4599893,486.211888,349.3565514,434.4571325,38.01315562,782.2512384,879.2070291,375.1506364,323.7607141,578.671755,400.1462233,249.6157046,562.1040829,671.7514421,587.5414879,605.8993316,358.0502758,331.3397048,574.1332598,436.3267125,355.7597504,681.7074152,642.3589339,420.7338826,387.1950413,333.1696265,383.4709898,23.02172887,663.2043426,237.0337529,442.3222807,238.7990787,693.8270678,307.188867,500.2579335,547.3664221,525.9895436,346.145923,432.3019778,629.9912698,415.8858016,444.7043962,128.5768253,534.5811444,136.9707998,320.3700985,285.0701668,269.215527,375.7778599,326.4506088,466.6219026,537.1517476,664.3643579
376.9681684,779.5415319,550.4416409,90.04998612,277.7516877,403.5504925,449.6153912,740.6834682,905.3910757,440.405495,155.9006094,663.2721915,892.6645507,467.5660381,966.9379504,331.6036791,343.0699637,270.5586813,0,498.4154893,451.8683437,430.3080292,639.9015549,638.9632227,683.4325131,492.5890782,580.5376818,634.9818895,332.710084,348.6387815,591.5707904,633.9976341,278.8422493,725.7823365,621.1360559,120.1665511,565.7782251,820.7728066,831.6688043,919.2981018,895.0273739,443.1026969,132.5745074,970.9958805,643.9704962,847.6142991,474.6841055,88.86506625,433.0773603,70.71067812,368.2458418,512.4099921,397.1750244,371.4969717,437.5385697,842.9495833,591.034686,273.0567707,826.7357498,163.2207095,432.0046296,695.6471807,416.8033109,668.9603875,521.6972302,704.9631196,287.7933286,938.3437536,1010.814028,604.5593437,562.1076409,792.568609,605.3172722,258.4917794,731.8613257,753.4056013,819.7151944,866.4248381,363.4528855,140.9113196,816.0006127,700.386322,432.6811759,771.6586033,739.2002435,581.7327565,426.7856605,281.6025568,440.4588517,291.6779045,836.7281518,507.0749452,259.0694887,33.42154993,560.2231698,183.0874108,762.7371762,794.6445746,722.7952684,79.93122043,314.7459293,430.0430211,634.6534487,690.651866,398.5599077,607.1515462,201.3082214,184.805303,432.5887192,36.40054945,498.663213,463.1241734,580.3878014,807.0154893,639.5076231
488.1444458,815.8045109,305.004918,408.5400837,759.0836581,94.87360012,100.019998,773.5437932,1069.684533,768.0319004,482.4738335,476.4283787,539.7962579,480.8700448,1085.304105,440.8321676,259.8557292,316.764897,498.4154893,0,926.525229,642.517704,233.2380758,350.633712,645.7816969,202.3116408,612.6940509,883.7035702,710.5054539,622.0651091,874.0766557,484.690623,385.0207787,565.0221235,655.1763121,615.3714326,463.0561521,804.0559682,644.3267804,930.7013484,981.1340377,269.0464644,517.3490118,1059.587184,904.9839778,494.7403359,558.9248608,449.5475503,108.3420509,532.2574565,555.4286633,147.4109901,595.101672,660.0484831,827.687139,729.8013428,485.0566977,732.6131312,581.7026732,536.6796065,131.3087964,572.5844916,850.3722714,708.6508308,604.087742,418.4746109,278.7920372,1003.896907,1117.705238,553.0009042,498.3542916,746.4562948,610.1352309,274.4011662,788.7667589,953.743152,719.6700633,648.0570963,674.1898842,463.9073183,685.2539675,493.1379117,660.0280297,958.8456602,917.8480266,673.2763177,234.1367122,332.5327052,691.0817607,317.0015773,875.8104818,281.0427014,731.311835,466.7172592,1004.127482,605.6277735,365.0013699,647.816332,726.0337458,576.493712,740.4626932,916.4131164,602.8175512,568.9094831,299.879976,828.0464963,298.6787572,616.9611009,78.26237921,475.4082456,659.6370214,609.565419,745.7103996,517.3625421,978.5908236
579.2495145,819.299701,873.4901259,536.1828046,174.1522323,833.778148,893.640308,797.1204426,779.7974096,339.1666257,449.4997219,913.6328584,1196.219461,676.2403419,874.396935,579.0371318,707.2609137,630.4768037,451.8683437,926.525229,0,487.6474136,1012.609006,954.8617701,821.1047436,858.6995982,707.6107687,508.0009843,280.5084669,418.7242529,443.0045146,870.7433606,585.9146696,939.3854374,726.3917676,334.6595285,800.5623024,894.4188057,1035.515331,941.1917977,852.638845,781.8369395,410.4107698,907.344477,496.6296407,1157.559934,621.5802442,532.8451933,877.3420086,458.132077,510.0980298,899.2691477,500.0649958,397.0201506,231.2249986,989.0727981,816.6474147,194.5893111,1071.283809,395.5350806,879.2820935,892.7485648,139.2838828,747.6636945,639.0281684,1002.741243,664.2966205,904.884523,920.2173656,785.9090278,772.2188809,899.4676203,742.5900619,709.8908367,769.5933991,634.2625639,961.8492605,1084.411822,369.2384054,564.390822,982.5650106,952.0357136,470.9161284,660.981089,650.0123076,655.5425234,878.4833521,728.5773809,444.2217915,641.2433236,855.787941,838.5046213,196.2906009,476.6403256,146.7548977,323.8024089,1111.649675,978.7793418,811.8152499,393.0012723,210.7368027,59.36328832,787.7182237,888.5296844,726.8046505,529.4109935,632.6531435,311.2812233,870.3700362,485.4791448,556.3182542,561.5131343,581.0550748,1084.435798,383.0469945
157.0031847,367.7662301,457.0831434,440.3316932,413.9432328,574.6529387,663.2442989,335.053727,482.2488984,169.4520581,279.8035025,444.3253313,736.8045874,217.3499482,537.3360215,202,382.9072995,340.8240015,430.3080292,642.517704,487.6474136,0,625.5213825,520.9808058,334.1751038,489.7193074,220.0295435,243.8134533,212.1909517,89.94442729,232.3639387,398.8408204,267.0880005,456.5796754,242.0433845,422.0154026,334.5743565,427.7908367,549.1557156,505.2148058,465.7177257,401.3589416,298.0889129,540.882612,263.4027335,703.651192,141.9929576,501.2025539,651.1136614,496.4524146,88.54377448,548.4022246,47.80167361,93.40770846,275.3270782,503.5126612,344.6926167,351.1765938,592.3081968,269.235956,666.5710765,408.0196074,352.8172331,272.6554602,151.4496616,551.5523547,376.3110416,510.662315,580.7925619,301.9155511,298.1979209,420.5258613,254.9509757,568.3000968,317.1655719,337.8002368,476.4808496,599.2737271,120.4865138,561.2102993,495.0898908,480.7202929,21.02379604,351.6475508,315.3981611,177.1327186,723.6525409,639.3786046,56.8594759,332.4650358,419.1336302,436.5890516,379.2228896,419.6975101,477.322742,287.9027614,689.7717014,491.354251,335.7439501,458.9226514,291.0841803,519.2340513,300.1666204,404.060639,353.0226622,195.2331939,447.9397281,298.2213943,623.0762393,457.3510687,77.00649323,74.81310046,150.0833102,617.1393684,348.9197615
473.0803314,687.3376172,174,557.5168159,861.4870864,288.4874347,332.7281172,648.9144782,973.4808678,781.4454556,568.1663489,303.433683,306.6528982,417.7319715,967.9736567,448.1573384,308.4752826,387.0142116,639.9015549,233.2380758,1012.609006,625.5213825,0,157.7846634,509.2838109,154.2011673,516.8539446,843.860178,757.1433154,638.2264488,851.6395951,329.7953911,426.971896,385.8108345,550.7885257,742.898378,341.9546754,654.2736431,443.5188835,780.5927235,857.7925157,233.9273391,611.6485919,931.4531658,868.6656434,261.5033461,503.8382677,616.9578592,339.0722637,690.8791501,551.3374647,129.3754227,583.8099006,674.2937046,865.3195941,548.6875249,354.1073284,820.7228521,366.4450846,620.020161,363.3097852,409.7181958,910.8836369,596.9338322,535.0084111,207.3861133,358.5038354,870.1729713,993.4510557,430.5368741,386.2292066,590.9424676,501.5107177,473.1849533,672.8038347,883.6979122,544.8715445,436.2132506,695.70396,647.2665602,501.9531851,305.6288599,646.0255413,882.2386299,841.4065605,592.4905063,467.0974202,546.8034382,681.3354534,373.1085633,742.0431254,188.9576672,828.3869869,606.4857789,1060.814781,692.0007225,135.3292282,462.4305353,594.9159605,719.4949618,807.5921,1015.616562,477.9089872,407.4236125,288.9013673,781.9239093,446.4717236,705.6238375,302.2002647,627.2073023,614.6486801,569.9561387,686.0116617,293.421199,974.3305394
382.7440398,533.1275645,88.5663593,568.8945421,820,371.7109092,441.2572946,495.9858869,824.990303,686.6039615,533.4838329,145.7943757,254.0314941,303.8486465,814.2806641,375.8257575,297.5987231,368.6353212,638.9632227,350.633712,954.8617701,520.9808058,157.7846634,0,355.384299,173.4877517,377.3830945,718.9798328,683.4281235,552.4970588,735.0170066,175.3539278,381.4302033,228.6000875,406.3988189,725.0999931,202.2003956,496.960763,295.1694429,623.0096307,703.454334,195.9234544,578.9525024,775.9310536,744.8516631,209.9142682,386.1152678,637.906733,442.7301661,700.0242853,459.8314909,206.3443723,485.3555398,585.1632251,781.5433449,392.7569223,208.038458,771.0784655,232.7444951,579.124339,468.027777,252.2478939,839.6362308,448.6357097,407.5414089,73.10950691,353.2888337,714.0203078,838.3513583,283.6370921,247.0728637,433.3647425,357.2016237,532.0150374,521.8668413,745.0812036,387.8002063,297.6071236,609.7376485,679.7837892,346.3018914,149.4021419,542.0009225,741.1727194,701.0256771,456.5840558,571.2617614,615.429931,577.8390779,348.3819743,586.4366974,132.0340865,784.5616611,606.7759059,982.9343823,648.0007716,169.4992625,307.0928198,441.0770908,714.6978383,744.5891485,966.729021,328.239242,250.1079767,242.8662183,655.7049641,469.7669635,662.3360174,401.9315862,635.0661383,495.3231269,456.1425216,556.3775696,180,863.9490726
307.0195434,178.058979,350.6479716,653.8998394,741.4917397,621.9847265,711.355045,140.8119313,473.2958905,489.8663083,531.2899397,214.704448,477.8807383,220.2044505,458.9956427,353.2208941,447.1028964,466.1523356,683.4325131,645.7816969,821.1047436,334.1751038,509.2838109,355.384299,0,444.4007201,115.1347037,429.1969245,545.9523789,413.4936517,467.9016991,180.0805375,418.0011962,165.9397481,97.9489663,716.5472769,182.7265717,160.1124605,229.0785891,285.2805637,348.5197268,383.2753579,568.1267464,422.6925597,455.905692,459.3147069,217.2210855,727.151291,705.9320081,754.1352664,338.421335,504.8286838,331.3547947,426.9168537,601.0191345,170.3290932,161.697248,679.935291,298.8042838,549.1784774,728.9252362,117.239072,684.5326873,108.1665383,184.6943421,339.589458,481.7686167,362.7299271,484.294332,95.26804291,151.211772,112.5388822,82.20097323,711.0175807,169.1892432,415.2348733,143.836713,282.9911659,454.4029049,784.4539502,162.0771421,232.1055794,350.2242139,405.3800686,368.4195977,172.3513853,818.1943534,797.0069008,377.8306499,444.7606098,233.893138,365.6241239,705.5388012,660.7215752,796.6241272,593.6303564,505.5848099,165.4690303,85.72630868,736.652564,624.1962832,853.3867822,50.32891813,116.6190379,375.0333319,368.4087404,603.1193912,606.5682155,666.8200657,698.5592316,265.6859048,262.488095,272.3563842,353.8615548,602.7155216
333.4081583,616.6044113,106.0660172,414.1895701,707.4079445,201.4671189,279.5460606,574.8669411,881.0136208,637.9318145,414.0736649,278.5139135,412.0800893,298.1174265,889.9578642,301.0996513,154.870914,233.4137957,492.5890782,202.3116408,858.6995982,489.7193074,154.2011673,173.4877517,444.4007201,0,420.042855,719.9513872,606.3827174,492.4682731,720.5442388,283.0989226,273.622002,366.7642294,460.4801842,591.5707904,261.91029,602.0298996,453.154499,728.8710448,783.8277872,88.36288814,457.7553932,861.4783805,743.4204732,365.5598446,382.2839259,478.6198909,278.2373088,547.6531749,409.8499726,63.2455532,445.2864247,529.4619911,716.806808,530.0943312,283.1430734,666.5643255,403.27658,465.820781,303.2226904,371.0646844,758.9262151,512.5075609,421.7155439,246.5866987,206.7873304,804.4706334,920.685071,352.8172331,299.300852,544.1516333,413.6725758,359.4022816,592.2001351,775.1180555,518.811141,464.3619278,549.3213995,515.5385534,486.4740486,299.8416249,509.4595175,777.3268296,736.0957818,487.0821286,403.92326,442.1131077,543.779367,218.9611838,675.9186342,78.87331615,674.2143576,459.3440976,909.8714195,537.8001488,270.1481075,450.0755492,525.8564443,571.4236607,654.5540467,861.4156952,402.7468187,367.2655715,139.9785698,660.2946312,307.5142273,551.4245189,237.118114,483.0207035,490.3233627,442.366364,569.991228,353.2392957,837.6073066
204.6875668,215.6780007,344.8042923,559.2253571,626.4774537,573.2058967,665.0187967,172.800463,461.377286,380.2170433,425.9589182,260.5724467,549.634424,140.0357097,472.8223768,257.2333571,384.1054543,386.4324003,580.5376818,612.6940509,707.6107687,220.0295435,516.8539446,377.3830945,115.1347037,420.042855,0,349.859972,431.2307967,298.3638718,377.8306499,215.5203007,328.3062595,247.6933588,45.45327271,606.0297022,176.0710084,241.006224,332.1821789,350.0471397,371.0121292,343.6568055,460.3042472,450.5652006,376.5235716,523.482569,106.5692263,630.8922253,657.2701119,651.1098218,225.4351348,483.193543,216.3423213,312.2466973,490.5670189,285.4400112,170.2997358,564.8362595,386.0828927,439.4553447,678.4246458,196.5426162,571.9694048,100.4987562,69.57010852,383.7043132,408.5792457,399.5910409,506.5343029,100.6578363,131.1373326,214.1891687,35.22782991,635.888355,179.3014222,368.0489098,258.8223329,384.0052083,339.8381968,689.637586,275.0727177,290.5942188,236.9071548,365.492818,324.8153322,80.77747211,759.5169518,719.4470099,266.2705391,367.2002179,277.2183255,345.6544517,590.5903826,560.0401771,688.9716975,480.6672446,542.5347915,272.3600558,143.2794472,629.3655536,509.2514114,738.8809106,81.68843247,193.3494246,319.8030644,286.4000698,521.6253445,493.3406531,620.6681883,598.4220918,155.5667059,147.4720312,185.5208883,425.3680759,512.4470704
395.5666821,347.8059804,670.3431957,664.0368966,518.0926558,818.1228514,907.0126791,341.5757603,285.6168763,207.5885353,500.6006392,610.3933158,898.1803828,426.3801121,370.8705974,444.9325792,625.0511979,584.5545312,634.9818895,883.7035702,508.0009843,243.8134533,843.860178,718.9798328,429.1969245,719.9513872,349.859972,0,323.1253627,295.6771888,65.00769185,565.0991064,510.8277596,589.9644057,337.2180304,591.0955929,517.7074463,433.4166587,656.698561,447.599151,345.676149,632.6025609,505.5155784,399.7211528,26.83281573,873.1849747,340.2484386,715.9420368,894.9245778,692.8506333,332.3567361,781.0825821,291.5647441,265.8194876,284.5803929,567.2124822,517.3045525,460.3846218,726.7310369,473.49868,910.3285121,538.4765547,376.0279245,324.6074552,311.5413295,732.4513636,620.1233748,398.116817,417.1726261,450.504162,473.6760496,461.8322206,379.0844233,805.9900744,306.2760193,130.9427356,541.2734983,711.0119549,271.529004,773.99354,579.1312459,640.0945243,229.1571513,155.9775625,142.0880009,269.4531499,965.3890407,872.2855037,205.5285868,576.216973,367.7934203,658.1284069,493.0770731,632.3203302,426.4317061,461.6503006,887.3612568,591.934118,378.7835794,642.0942298,386.4621586,558.9749547,422.2380845,536.2107795,588.6696867,63.60031446,686.705905,466.2027456,866.646987,667.035981,230.0021739,277.6508599,164.4384383,773.4933742,180.8535319
302.3722871,567.9022803,606.011551,384.8649114,209.2892735,625.1663779,701.0064194,539.573906,607.3162273,115.9353268,238.0189068,633.9794949,919.3269277,396.7089613,685.0437942,310.9292524,464.7375603,395.3858875,332.710084,710.5054539,280.5084669,212.1909517,757.1433154,683.4281235,545.9523789,606.3827174,431.2307967,323.1253627,0,138.2208378,269.6145397,590.6716516,335.519001,659.0174505,454.1563607,269.9036865,520.9731279,634.996063,755.9927248,700.0864232,636.2153723,523.2399067,220.3270297,703.3157186,325.9723915,881.9444427,341.4571715,420.1202209,686.0116617,381.0721716,230.2889489,654.7824066,219.8635941,119.0378091,118.0169479,715.6116265,536.4568948,146.6696969,790.8198278,190.4652199,694.5646118,612.7650447,156.2081944,482.0663855,361.8839593,727.0935291,432.838307,685.936586,731.0738677,505.9209424,491.805856,631.8172204,465.75208,551.5523547,516.9303628,451.6857315,688.6167294,804.3606156,91.70605214,473.39624,706.0743587,672.1971437,198.1539805,474.3047544,449.6721028,387.1343436,722.9674958,600.2965934,178.7176544,399.7649309,613.066065,574.7077518,178.058979,339.0943821,303.6741675,149.7898528,845.363827,700.3570518,545.9056695,324.5689449,79.42921377,307.8002599,509.9460756,608.4866473,468.2584756,314.0270689,445.179739,150.2431363,668.814623,368.0230971,285.9597874,283.8943465,331.0740099,805.5271566,307.2360656
