0,636.3906033,642.6585408,465.2418726,1166.266693,1200.967943,689.4729871,844.5649768,1015.09901,241.1742109,605.1396533,517.2620226,807.16603,775.2167439,546.4036969,654.5234908,1032.760379,894.3209715,1161.449095,904.7922413,1100.284054,794.3047274,564.6813261,1034.161496,639.415358,737.9925474,888.4413318,967.3427521,1079.007414,1025.012195,247.0020243,523.66115,1004.578021,525.9287024,686.6709547,901.7771343,803.7935058,1227.884359,972.7127017,514.0603077,619.1897932,492.0833263,516.0474784,1127.205394,705.4197332,956.4543899,1188.809489,853.7962286,963.3742783,836.7377128,1229.172079,538.0334562,1191.053735,700.6604028,498.9519015,941.3798383,232.6993769,594.6435907,787.9492369,1245.883221,230.6447485,736.0984988,570.6697819,559.7079596,808.0055693,394.2029934,657.4693909,703.9446001,1242.391645,281.5759223,424.6433798,557.2862819,837.463432,669.1225598,462.9006373,316.5375175,1004.570057,787.2102642,1065.908533,893.0453516,1135.694061,770.7094135,1091.313429,983.3539546,937.4529322,906.9691285,745.6782148,1010.417735,814.482044,1004.442134,433.7061217,621.9525705,213.213508,687.7826692,1241.082189,865.5737981,770.0422066,751.6195846,245.2305038,207.9927883,630.1944144,810.6984643,762.2447114,759.0546752,286.1503102,1145.427431,530.4073906,1127.160148,1319.793923,627.1945472,1072.800075,404.9691346,1286.903648,937.4609325,257.1633722,868.3691611,1106.792212,828.8914284,359.6400979,956.3482629,751.2935512,917.1657429,106.5692263,868.3616758,759.8322183,976.8976405,1190.781256,776.4489681,1032.699375,1191.773888,1113.741442,505.6649088,977.1310045,768.1464704,965.8001864,278.4420945,930.1618139,992.4404264,466.6401183,563.4048278,588.2941441,1278.588675,893.5882721,456.1951337,338.3740534,891.1307424,1336.479704,939.0021299,178.7092611,928.4702472,1111.503936,329.0136775,1201.421242,490.7962918,194.0644223,937.9125759,28.60069929,721.2690205,780.8540196,642.7697877,738.231671,812.3459854,897.5995766,492.2966585,936.2574432,198.6680649,963.8449045,712.5236838,993.2174988,361.2339962,695.6328054,331.3125413,571.1199524,622.6564061,826.6571236,343.1180555
636.3906033,0,578.3329491,606.0833276,640.8002809,791.2199441,514.2956348,336.1681127,988.9352861,466.4354189,793.8696367,241.6712643,780.667663,170.082333,751.4639047,652.1962895,734.3602658,674.0630534,787.8001015,959.9135378,833.3834652,391.0460331,175.8237754,694.6920181,103.3682737,687.4198135,988.0409911,651.3716297,611.3084328,544.1406068,643.3234023,578.0813092,668.1915893,119.0798052,267.1666147,394.0875537,887.8676703,754.5283295,413.9625587,520.3124062,421.7167296,173.0115603,291.4137951,841.085608,253.7124356,432.0092592,836.266106,637.0094191,417.9677021,520.0778788,852.9155879,289.5876379,659.0295896,316.1392098,137.4627222,467.2312061,489.4180217,170.4699387,779.7749675,894.6429455,574.2542991,431.7267654,547.2193345,486.0720111,237.0358623,260.1019031,452.164793,555.9325499,816.5708787,357.2590097,211.7474911,187.6086352,719.8235895,617.7847522,202.4845673,320.2577087,583.6437269,270.2239812,778.503693,1003.623934,668.3187862,180.2775638,875.1182777,432.9457241,894.0341157,288.444102,209.5542889,595.624882,520.5573936,814.6833741,591.0566809,169.168555,456.5796754,753.0750295,870.0264364,229.261859,134.2385936,564.3341209,580.6728855,434.9022879,32.31098884,875.2011197,678.3745278,144.4610674,380.9002494,702.3453566,449.080171,718.7273475,913.6000219,10.77032961,587.8613782,585.976962,836.9289098,907.4150098,503.0864737,485.1247262,866.2794007,241.0186715,307.2621031,413.8320916,887.8924484,867.6404785,594.003367,803.2166582,581.2434946,366.2157834,772.1068579,862.893968,452.0409274,721.660585,724.7544412,156.2625995,710.5181208,291.7601755,497.595217,367.049043,786.1424807,813.7106365,399.2392766,503.0089462,544.2949568,890.9062801,390.0166663,691.3240919,346.7708177,818.2841805,895.0871466,1044.400306,465.1021393,659.0371765,778.6719463,319.1567013,773.6678874,566.6039181,448.2164656,960.56702,611.0818276,787.0514596,320.3154695,620.0806399,428.5615475,873.0206183,404.1435389,144.5856148,299.9016505,437.851573,1021.312881,669.5438746,357.4353088,368.4901627,85.7554663,591.9974662,630.0801536,103.247276,510.6828762,663.8983356
642.6585408,578.3329491,0,205.2315765,685.5829636,614.4477195,107.4662738,464.865572,431.4904402,417.8241257,279.8356661,347.4852515,210.3449548,564.415627,271.3466418,79.07591289,410.2340795,260.2306669,558.8720784,382.2734623,463.2116147,340.2969292,403.5504925,430.8131846,485.165951,117.4776575,410.35838,363.2987751,559.5614354,533.3554162,436.3209828,129.5569373,404.738187,577.1247699,356.2990317,488.7617006,311.2844358,684.3171779,590.9314681,129.2439554,161.3753389,447.2359556,297.0471343,493.220032,384.9844153,537.6030134,573.3149222,224.2008029,567.5667362,275.8622845,621.0394512,292.3593679,712.8513169,318.1587654,529.6234511,473.5588665,417.3691412,408.6281929,204.5922775,625.4990008,417.7666813,234.8297255,72.01388755,106.212052,527.4097079,444.0833255,146.7105995,85.44003745,661.127068,555.0900828,520,392.5328012,197.9520144,40.31128874,436.1112243,533.4960169,464.3414692,457.5259555,436.285457,426.5254975,603.2056034,541.6354863,448.7059171,586.2226539,338.33711,655.0030534,471.815642,463.4932578,246.6029197,361.8093421,228.4491191,415.9867786,462.5689138,184.1656863,629.467235,705.2091888,659.7613205,135.7718675,406.0541836,507.3588474,547.014625,297.2036339,126.6688596,708.6451863,434.0368648,590.8113066,149.1106971,550.3635162,719.2343151,569.2846388,571.4280357,254.6566316,717.044629,346.9827085,387.4854836,348.3231258,465.4728778,558.6564239,420.3772116,559.7320788,323.3944959,312.9680495,537.4318561,251.5750385,135.3255334,680.7591351,611.3411486,287.8628145,662.1857745,651.2549424,526.4389803,458.2455674,348.9197615,410.5618102,482.037343,476.9444412,289.9948275,350.0914166,226.9735667,93.08598176,55.78530272,671.8429876,480.1770507,283.7040712,397.0050378,272.1176216,755.4733615,466.3442934,517.8156042,308.2093444,494.7656011,460.3520392,626.6713652,159.2890454,514.8873663,387.362879,617.219572,213.693706,395.925498,47.42362281,240.1499532,294.8694626,470.9193137,520.1326754,756.624081,543.5448464,444.5593324,94.86832981,819.8127835,346.1444785,550.9382906,329.1959903,117.8812962,478.8287794,270.4071005,363.9010855
465.2418726,606.0833276,205.2315765,0,866.4594624,817.7053259,292.9453874,602.4782154,552.7096887,275.632001,196.0102038,367.0340584,341.9488266,648.0563247,146.5093854,193,615.3665574,464.4136088,763.6294913,454.4282122,664.4885251,495.2352976,438.1518002,635.1377803,535.3298049,277.7138815,452.4179484,567.2547928,747.9204503,713.1142966,237.4531533,76.66159404,608.4414516,563.5858408,459.200392,640.4498419,356.665109,880.5509639,738.0243898,114.1577855,281.5137652,441.2391642,321.5478191,695.829002,488.5498951,694.2715607,778.5280984,429.3366977,718.1002715,466.8404438,826.2069959,331.1585723,893.667164,438.3206589,514.0671162,643.2993083,265.4825795,456.2071898,322.8157369,830.4101396,234.6167087,397.9409504,144.5060552,179.2344833,633.4390263,393.4488531,297.7045515,286.4192731,863.9241865,455.131849,476.4283787,425.6218979,382.4722212,218.8264152,418.1160126,447.072701,655.9031941,575.0217387,640.4662364,461.8614511,795.7669257,629.6324325,641.5707288,738.1957735,472.508201,761.5622102,568.7547802,656.8119975,438.462085,553.5720369,32.14031736,474.4101601,323.8672568,227.1409254,834.698149,783.6938178,716.6484494,338.245473,220.1272359,377.6360682,579.4523276,357.8742796,306.804498,749.1928991,328.6883022,788.2195126,188.17545,751.651515,924.1828823,595.5845868,755.1489919,60.41522987,918.4710121,473.2536318,230.1760196,529.1323086,662.4899999,663.8712225,352.5124111,710.1014012,322.6143208,451.9480059,358.8049609,403.92326,339.8190695,804.0926564,813.5613068,328.239242,809.1390486,846.4142012,729.2475574,456.7110684,553.7192429,533.7387001,657.3887739,374.0641656,473.9250996,539.7517948,208.540164,169.2483382,164.5843249,877.009122,631.4190368,96.33275663,314.707801,426.7551991,958.6845154,508.1269526,377.6254758,513.4014024,699.9921428,379.4153397,828.2566028,55.57877293,380.5693104,481.0509329,442.8724421,263.0076045,528.5915247,188.3533913,402.4922359,358.558224,626.278692,503.4620145,845.3023128,414.2909606,516.9342318,253.1402773,910.1477902,267.4023186,607.7639344,135.0037037,107.3312629,523.4739726,459.5040805,158.7954659
1166.266693,640.8002809,685.5829636,866.4594624,0,266.5970743,580.5385431,327.0535124,848.4621382,932.5218496,960.751789,650.2999308,755.444902,473.321244,956.928942,749.5231818,416.0048077,513.2796509,319.9906249,916.7600558,489.6049428,381.3161418,614.2059915,349.7313254,572.1975183,707.4326823,976.2427977,383.418831,136.0624856,153.3753566,1049.571341,793.6831862,353.0226622,747.800107,479.9927083,266.8332813,908.6660553,150.6585544,228.122774,754.3208866,590.7706831,700.277088,651.1965909,466.9582422,463.5353277,215.6780007,372.4862414,516.474588,223.0067264,410.7018383,347.807418,629.4013028,27.29468813,467.4922459,738.2147384,228.7575135,947.6840191,585.4271944,773.8953418,405.9815267,1000.366433,469.1407038,725.6679682,688.6080162,404.1051843,787.818507,568.9885763,601.7607498,257.007782,932.4639403,797.7418129,618.5806334,641.514614,698.7796505,723.0802169,893.2468864,231.2249986,391.7473676,442.4624278,995.8895521,127.1416533,460.5702987,572.8149789,208.0312477,781.9155965,394.2397748,446.5624256,237.30571,439.8920322,581.8539336,877.1505002,559.6007505,953.3572258,836.5745633,364.8026864,510.3097099,572.3154724,557.2593651,996.4617404,964.0876516,622.5343364,883.7884362,671.3397054,640.1827864,881.0107831,178.1965207,691.9089535,242.330353,348.5541565,642.9004589,115.0043477,894.1330997,239.4263979,802.4319286,937.3905269,338.4981536,538.0009294,401.2542835,811.8035477,227.6224945,958.1064659,763.6916917,1084.19786,722.0540146,565.0035398,326.847059,243.790894,899.3002836,213.8831457,136.8539367,275.960142,692.2665672,456.2685613,400.585821,209.990476,897.2513583,627.7618975,595.0630219,724.2492665,697.3184351,706.9596877,355.7091509,274.4048105,958.6156686,828.2179665,718.9603605,294.6794869,1015.114279,990.7900888,448.4696199,377.6307721,849.5857814,230.3410515,811.0887744,977.5443724,884.1911558,1137.706465,848.6489262,385.6124998,726.7220927,464.8440599,879.0563122,268.8810146,738.1937415,488.5652464,985.5501002,953.5853397,712.2808435,508.1190805,807.4156303,555.0576547,950.8238533,802.2568167,586.3659267,415.3937891,1009.601902
1200.967943,791.2199441,614.4477195,817.7053259,266.5970743,0,528.8184944,455.87937,641.693073,959.7942488,858.2878305,717.4203789,608.3066661,643.3265112,870.726708,656.6924699,227.125516,373.2693398,72.99315036,737.6943812,258.8223329,427.948595,707.0452602,185.15399,700.7652959,591.0744454,802.2493378,251.3404066,192.314846,257.0953131,1035.800174,741.0458825,209.7736876,878.0461264,560.3614905,401.6590594,755.0682088,134.8480626,428.6000467,718.8838571,582.7658192,795.6594749,699.0457782,227.0946939,557.6602909,379.0844233,112.0714058,397.3965274,409.3531483,365.0890302,81.41252975,677.7285592,278.8207309,526.0427739,854.674792,324.7768465,969.4436549,683.5649201,631.3065816,139.4309865,1001.151837,465.3052761,674.1661516,658.4291913,566.117479,864.5368702,546.8546425,531.3097025,47.80167361,1011.879934,898.5109905,706.7248404,497.9809233,612.0367636,810.3486904,975.622878,211.2936345,520.9990403,230.3670983,821.3805452,150.8674915,623.401155,343.1981935,405.6907689,594.2810783,606.1922137,581.6734479,201.246118,389.3905494,381.1823711,837.1529132,663.2412834,991.7298019,719.6422722,98.89893832,721.3667583,760.0480248,479.5414476,993.2018929,1016.535784,765.5200846,728.8154773,552.4825789,831.1245394,930.639565,99.63934966,677.9085484,75.80237463,124.3382483,789.9778478,225.743217,860.3464418,109.658561,614.5770904,950.0868381,338.9409978,303.8963639,576.6289968,874.5404508,409.09901,817.4166624,582.1932669,1105.398118,557.7382899,479.1795071,555.8354073,23.40939982,753.1434126,449.1770252,131.5028517,88.81441324,792.9344235,288.1058833,504.5047076,294.5674795,958.228574,450.4009325,397.7863748,734.6870082,660.8850127,653.9189552,102.0441081,404.1088962,897.65138,878.376343,547.4833331,141.0319113,831.0385069,1038.636125,311.8092366,151.4760707,917.3145589,37.48332963,766.736591,1028.5937,696.5888314,1172.795805,720.5366056,478.377466,643.699464,463.4932578,723.7471934,388.5061132,851.4693183,717.0564831,1045.047846,761.6987594,604.8024471,749.0026702,843.9680089,709.5864993,929.3115732,729.4066081,710.7467904,374.8626415,974.508081
689.4729871,514.2956348,107.4662738,292.9453874,580.5385431,528.8184944,0,361.232612,474.7978517,452.4179484,387.2841334,304.8032152,270.3368269,476.6424236,377.3830945,181.6039647,343.4020967,209.8594768,479.6759323,454.5261269,414.1352436,234.3864331,346.6323701,350.5381577,414.9036033,181.0690476,492.4682731,282.3915721,457.1848641,427.7019991,507.4100906,217.1128739,322.1490338,533.1041174,268.8828741,382.2368376,398.2072325,587.6163715,484.6080891,190.0657781,99.72462083,407.5450895,259.6959761,438.9589958,295.5841674,430.4091077,501.7579098,167.6931722,460.8871879,174.2440817,545.3118374,247.6307735,607.8322137,225.2198925,489.1175728,366.2308015,457.3510687,344.615728,273.6950858,557.6253222,476.6424236,129.0271289,148.5563866,131.552271,432.2337331,427.917048,62.39390996,42.20189569,574.1149711,557.4172584,494.4461548,337.4270291,208.3890592,131.6738395,403.6087214,529.7027468,363.6756797,360.0013889,376.7333274,510.1186137,503.4381789,452.7692569,419.1085778,479.334956,379.8117955,557.5840744,381.5402993,364.1277248,145.6021978,339.0117992,309.6578757,345.9739875,491.9806907,283.6229892,555.793127,616.5070965,580.3447251,65.520989,467.4409054,528.9234349,482.1037233,380.1539162,165.3239245,634.9244049,447.5321218,495.3271646,159.6652749,460.4877849,640.3787942,506.2963559,467.0770814,331.887029,627.0326945,393.1437396,432.8001848,242.2932108,427.0128804,463.1306511,415.4635965,453.0971198,421.2754443,353.4119409,588.1666431,288.9584745,78.63841301,578.5101555,523.1529413,378.0290994,555.6626675,553.564811,440.0102272,415.3769373,288.1249729,312.3203484,375.3411781,485.7211134,286.5658738,331.8508701,232.49086,132.280006,128.751699,595.7130182,373.7552675,380.6428772,402.0572099,304.5472049,669.2540624,546.0695926,544.8118941,239.0188277,423.6153916,458.7166882,537.1424392,239.7081559,538.6445953,449.2983419,662.3752713,308.3018002,294.893201,152.9705854,134.4061011,376.94164,364.0219774,480.7546152,663.6723589,562.8800938,513.2056118,169.6142683,725.6583218,355.7878581,474.7567798,400.6007988,221.903132,411.5337167,167.4425275,446.9015552
844.5649768,336.1681127,464.865572,602.4782154,327.0535124,455.87937,361.232612,0,779.7974096,616.5200727,740.7077696,327.3316361,612.5397946,192.2108218,720.5754645,542.1374364,432.7493501,423.6271946,457.7968982,796.6009038,533.8023979,130.0845879,287.2159466,380.867431,252.1626459,534.341651,842.8724696,353.8163365,275.8785965,209.3036072,750.916773,539.6897257,358.7101894,430.9675162,160.4649494,61.22091146,754.0145887,422.3387266,137.1860051,488.9212616,323.6077873,373.3630941,335.7930911,533.5410012,139.1869247,112.4144119,509.0481313,399.2317623,121.4578116,258.1472448,520.586208,315.0142854,350.0528532,165.3027525,415.5971607,131.2173769,633.6221271,258.3737603,622.1720019,565.6933798,695.0028777,232.6478025,478.6083994,426.3812848,116.1077086,461.1832608,320.6618156,398.0452236,480.4050374,605.4130821,471.8686258,291.8938163,516.5510623,492.8539337,396.0467144,566.1960791,252.3350947,67.60177512,476.3664556,861.5010157,333.6719946,170.0264685,592.0785421,142.0457673,691.5865817,210.6395025,127.6322843,265.1527861,275.0872589,551.8931056,605.0528903,232.6478025,633.0007899,644.8542471,538.1347415,301.7614952,313.5362818,374.7452468,693.4118545,639.9007736,311.9695498,733.6824926,508.4338698,383.9505176,558.4335233,366.1939377,415.0108432,384.7076812,577.6313703,335.5964839,254.892134,615.9951299,502.108554,709.4483773,627.7618975,188.9153249,574.0078397,136.2974688,487.0287466,113.8419958,782.1022951,667,767.784475,607.9884867,389.6832047,217.8829961,436.3232746,736.0061141,207.1955598,388.294991,393.9263891,365.7717868,427.1826307,77.07788269,161.5549442,571.993007,551.9755429,556.510557,425.8368232,439.7101318,464.0387915,556.4287915,55.22680509,698.7331393,506.3328944,615.4575534,559.8928469,893.138847,667.3777042,384.3865242,459.9489102,523.6258206,437.5351414,547.9352151,653.535768,780.4165554,816.1494961,668.7189245,74.00675645,512.0439434,227.2707636,729.9369836,68.00735254,414.6058369,328.0548735,659.9401488,849.1719496,527.7309921,383.3444926,490.8319468,253.7183478,660.7647085,566.8474222,264.6828291,253.3377193,726.4186121
1015.09901,988.9352861,431.4904402,552.7096887,848.4621382,641.693073,474.7978517,779.7974096,0,821.7037179,432.9480338,772.8609189,222.7666941,934.9957219,483.7364985,380.6954163,433.7971876,360.111094,568.7477472,143.836713,383.71995,654.4020171,820.624762,498.9669328,888.6540384,314.0143309,203.4158303,471.2812324,715.0950986,730.985636,774.2764364,509.0353622,496.4121272,1003.40869,734.8748193,772.7871635,230.5515127,766.906774,866.2978703,543.6248707,570.650506,874.7868312,723.9730658,418.1219918,758.1457643,801.0474393,540.6829015,380.5916447,839.4116988,521.9386937,593.5537044,715.9734632,871.4958405,686.9854438,957.3008931,717.6308243,814.926377,819.4125945,235.1042322,558.0439051,785.6850514,571.3466548,490.5609035,537.5546484,877.5448706,875.4667327,537.1219601,433.5758296,684.5589821,980.2698608,951.3148795,810.9315631,271.1549373,392.047191,865.9359099,961.6621028,630.2769233,803.2247506,414.9662637,217.4120512,726.4413259,910.1060378,302.1208368,851.772857,95.07891459,990.3095476,839.1436111,620.2983153,505.2613185,267.2264957,584.8290348,820.1957084,869.4837549,327.3178883,589.1629656,1069.676587,1046.984718,427.0667395,770.4596031,920.02663,956.6969217,214.2195136,313.4086789,1105.565014,855.3478824,685.0065693,580.5049526,620.454672,683.1646946,981.0366966,744.8825411,612.9225073,746.906286,84.52810184,780.5466033,597.9071834,342.3171045,906.0226266,850.0923479,833.2706643,303.2094985,121.4619282,909.4641279,185.9300944,410.0792606,988.3870699,654.1941608,252.2954617,927.4362512,747.9204503,585.0555529,884.4891181,393.7067437,757.0237777,707.2764665,900.0022222,230.9913418,253.4324368,657.43821,523.5083571,482.0290448,632.4942687,766.8806948,565.5298401,823.7141494,170.9502852,754.2333856,206.7292916,924.7405041,413.9625587,491.6390953,888.5876434,673.6059679,540.2675263,925.216191,93.34880824,994.0663962,294.4503354,732.3011676,404.738187,575.8055227,211.1018711,750.9147755,948.2162201,1106.131999,957.0188086,131.4724306,337.3781261,1163.05159,772.1554248,945.2750922,684.1476449,452.6367197,885.9667037,526.459875,679.6822787
241.1742109,466.4354189,417.8241257,275.632001,932.5218496,959.7942488,452.4179484,616.5200727,821.7037179,0,457.686574,292.5491412,603.1948276,575.8280993,399.6248241,444.6684158,794.6150011,660.1976977,920.7154827,729.7616049,865.8464067,556.2598314,351.511024,793.8469626,440.023863,523.637279,727.4042892,727.4070387,840.4046644,788.2290276,181.3422179,313.2538906,764.1583606,379.5918861,456.3551249,671.277141,632.2950261,988.4255157,749.1922317,289.1660423,378.3503667,298.2834223,281.7800561,891.3478558,478.0041841,726.8080902,949.0021075,618.838428,737.3092974,595.6853196,988.6258139,303.3562262,957.9237966,465.1042894,337.4996296,705.5388012,23.40939982,380.4655043,587.4325493,1006.508818,111.4001795,494.9929292,346.7059273,325.6316938,595.2780863,206.5260274,417.2253588,470.4944208,1001.264201,193.2149063,273,341.83183,615.6914812,449.1770252,267.3162921,198.9095272,764.153126,563.9689708,829.0585022,736.1555542,896.5288618,566.5350828,862.6992523,757.6938696,736.3348423,706.6272002,529.7102982,769.756455,573.7333876,777.3448398,244.4626761,407.1854614,48.25971405,500.8991915,1000.769704,686.5311355,598.3259981,516.0474784,121.5935854,102.6157883,450.8680517,633.1421641,542.5808695,606.0008251,88.39117603,904.9734803,292.7541631,886.0118509,1078.760863,455.9495586,835.6919289,219.9931817,1046.145305,739.6918277,51.86520992,627.8375586,875.3890564,619.728973,159.2607924,729.9376686,595.1848452,713.6119394,151.7168415,658.748055,525.5187913,769.9688305,949.6446704,603.8708471,813.0221399,952.3549758,872.6081595,314.5155004,740.5308906,539.4534271,728.8765328,121.5113163,707.8092964,766.627028,225.7299271,331.6926288,362.1118612,1037.868971,662.7706994,311.3149531,122.0163923,680.9530087,1095.42914,782.5918476,103.0436801,690.7300486,872.1123781,154.5477273,960.3770093,281.5137652,104.938077,754.6369988,213.0375554,537.490465,549.1848505,426.7575424,497.1810535,633.6600035,665.2352967,327.9405434,756.1911134,138.8524397,792.4758671,497.952809,817.9303149,125.7179383,506.0039526,172.6991604,369.1354765,423.7381267,585.5672464,231.354706
605.1396533,793.8696367,279.8356661,196.0102038,960.751789,858.2878305,387.2841334,740.7077696,432.9480338,457.686574,0,552.3929761,274.2571786,817.5603953,59.53990259,211.2368339,635.836457,485.0938054,794.1347493,305.6550343,656.0403951,619.033117,621.4185385,673.9287796,715.8561308,267.2171402,283.3972477,611.4327436,831.0385069,810.0222219,358.2010609,217.4511439,652.4699227,758.1035549,616.2345333,767.7838237,205.5480479,945.2798527,869.6045078,275.6882297,421.2956207,633.5929293,503.8025407,691.7586284,645.9233701,817.2741278,795.3326348,463.0010799,846.6829395,550.178153,847.977594,509.5193814,987.8932129,585.3827808,708.4666541,753.0112881,443.1173659,635.9756285,249.0983741,838.573193,387.6402972,513.911471,265.3639011,324.3532025,791.8112149,589.4149642,420.0761836,360.0888779,906.0601525,645.2852083,672.4076145,609.0073891,366.3072481,262.0477056,611.8635469,640.1765382,734.3439249,726.1583849,648.6485952,288.0277764,870.1752697,796.9498102,609.6039698,865.5616674,376.0053191,920.863182,730.9514348,731.722625,521.0959605,526.1349637,221.0633393,650.9446981,504.6999108,141.9048977,852.516862,956.7465704,897.2385413,403.5467755,371.3812058,560.0544616,765.7630182,218.8195604,305.8054937,935.0133689,520.5689195,851.1462859,351.9232871,802.8000997,948.2963672,783.6000255,845.8995212,240.2040799,965.9715317,368.5986978,407.6383201,626.2307881,639.8757692,823.0218709,548.4022246,838.8039103,146.2190138,364.0178567,504.4373103,340.7080862,396.6371137,953.5853397,859.4800754,181.0773315,941.0387877,914.287154,774.303558,648.5560886,572.5740127,680.8472663,760.4446068,565.3034583,440.709655,509.2582842,394.9240433,308.4623154,277.6544615,897.5661536,759.1007838,151.3274595,510.114693,361.2478374,996.9072173,334.1810886,554.9387354,547.2449177,720.542157,574.1776729,876.6441695,227.466481,560.7575234,345.6269665,588.0850279,154.9870962,669.4960792,235.3061835,519.1724184,221.846794,750.3365911,697.9011391,1014.299758,595.4939126,361.1883165,254.6919708,1078.768279,463.3659461,787.1727892,290.3687311,175.3282636,705.5246275,546.0146518,262.0305326
517.2620226,241.6712643,347.4852515,367.0340584,650.2999308,717.4203789,304.8032152,327.3316361,772.8609189,292.5491412,552.3929761,0,556.0872234,295.6298361,511.1565318,417.0047961,596.5785782,497.7328601,692.291846,729.1453902,686.2106091,291.2043956,71.86793444,575.8419922,170.1881312,462.0789976,752.7283707,517.3625421,572.2071303,513.74118,445.2527372,336.4178949,546.15474,230.5927145,170.4142013,384.7206779,651.8189933,723.0629295,457.4734965,278.7292593,205.1828453,102.7715914,51.03920062,702.8684087,188.1621641,439.2095172,730.8652407,456.2806154,446.7773495,375.6833773,761.1832894,57.27128425,674.6413862,192.8756076,184.8161248,429.0314674,311.4498354,94.89467846,551.949273,790.597875,382.2054421,269.3640659,308.4023346,248.5095572,304.4946633,147.1461858,244.2826232,342.8614881,753.6982155,294.5522025,194.8794499,59.46427499,512.4578031,387.7434719,101.7103731,258.278919,509.2867562,271.8602582,637.8691088,767.5480441,630.4641148,282.1435805,709.2143541,466.9528884,678.016224,422.0011848,238.100819,517.6021638,363.8035184,636.0125785,354.6956442,119.0168055,305.895407,515,775.9284761,422.9349832,350.2242139,365.2341715,383.8150596,313.804079,213.4033739,640.8806441,459.4921109,382.9203573,231.1925604,647.8178756,209.2749388,641.643203,841.0517225,231.5361743,561.8433946,353.2364647,790.5523386,689.1596332,311.2699793,378.8469348,709.5244887,330.5525677,162.1881623,439.6111919,647.8780749,651.8013501,442.3403667,587.7312311,380.9002494,480.5132672,703.3633485,625.9944089,520.5420252,687.0989739,635.8144383,111.6288493,556.4287915,250.9123353,455.4316634,247.8911051,590.6987388,631.1339002,158.685223,265.1886121,307.587386,806.8661599,376.6430671,455.8705957,179.0111728,605.3577455,844.2002132,809.6079298,340.5950675,502.6778292,660.4642307,202.410474,710.8593391,325.4120465,327.2445569,734.6128232,488.8292135,549.9681809,264.8037009,385.7006611,268.8679974,639.0758953,381.4302033,176.1476653,488.4199013,336.4178949,791.823844,441.6174815,552.7865773,168.6712779,242.7447219,372.8592228,389.0012853,157.1782428,364.9356108,444.4434722
807.16603,780.667663,210.3449548,341.9488266,755.444902,608.3066661,270.3368269,612.5397946,222.7666941,603.1948276,274.2571786,556.0872234,0,745.6339585,308.6227471,159.0785969,381.2413933,244.4606308,539.5155234,185.3968716,386.1631779,482.5442985,608.358447,430.6146769,683.3952005,94.02127419,231.0779089,377.5301312,619.7967409,615.9586025,574.2064089,290,415.0108432,786.4260932,538.8580518,619.2002907,153.2220611,711.1800053,719.6756214,321.3051509,358.9721438,656.8599546,506.2054919,422.6925597,564.9106124,657.9316074,532.9587226,239.6351393,693.6490467,368.2132534,586.9625201,499.9609985,781.3897875,493.8522046,739.3578295,580.0008621,597.9297618,610.201606,25.23885893,571.5732674,576.5223326,385.6034232,267.8002987,315.7847368,696.7639486,653.3949801,330.4920574,228.1775624,655.7880755,757.7862495,730.1540933,597.9573563,114.437756,170.3290932,646.3698632,738.9052713,524.4292135,622.945423,386.1217425,250.1219702,647.9320952,721.4166619,335.4906854,709.3264411,133.2403843,818.1943534,649.9423051,518.1862599,343.9563926,253.4107338,373.4836007,614.0781709,650.5021138,135.882302,589.4539846,884.5931268,850.6809037,238.4806072,562.0720594,699.8757033,748.7656509,128.5496013,106.0660172,904.763505,633.315877,619.0129239,358.7101894,562.7477232,686.630177,772.1463592,642.2935466,402.2001989,717.8690688,138.5207566,564.3846206,450.2177251,366.6742423,726.9910591,627.3882371,686.5311355,209.267771,110.6435719,700.6810972,67.26812024,223.0022421,829.3081454,613.241388,146.013698,787.1753299,684.046782,530.6646776,667.4039257,320.9143188,575.2582029,577.8935888,677.7558557,168.6001186,236.1715478,434.9919539,301.3171087,259.4783228,635.0055118,611.8635469,374.4021902,601.0024958,89.20201791,742.1219576,280.6314309,705.9985836,310.5221409,462.3159093,665.8235502,631.6708003,322.1583462,705.6344663,179.9027515,784.5285208,120.4159458,554.1552129,181.9945054,390.6929741,123.9395014,598.3259981,729.9869862,928.6145594,736.7849076,242.8868049,115.5205609,989.1137447,549.4661045,744.8087003,476.5553483,236.7804891,678.9300406,368.9512163,483.9018496
775.2167439,170.082333,564.415627,648.0563247,473.321244,643.3265112,476.6424236,192.2108218,934.9957219,575.8280993,817.5603953,295.6298361,745.6339585,0,784.9751588,643.2044776,620.8550555,591.6696714,649.2495668,930.6825452,721.9529071,288.2585645,227.0550594,571.7665608,136.6930869,657.7066215,968.8100949,539.893508,456.3178717,388.9588667,739.1731867,601.7059082,548.4669543,285.0473645,208.5809195,241.7457342,872.9289776,593.7011032,245.4159734,544.3280261,403.9665828,283.7692725,331.1464933,723.7022869,181.0690476,270.717565,701.0028531,560.7610899,251.8590876,426.4657079,710.9043536,318.127333,490.5670189,251.7935662,288.8044321,319.9015474,597.0142377,200.8083664,750.2432939,757.2384037,674.0741799,364.0054945,554.1922049,493.6172606,77.31752712,382.0013089,420.5199163,518.3097529,664.0752969,506.0138338,359.5622338,238.2540661,664.6036413,599.8883229,313.9044441,466.858651,444.0180177,139.4740119,664.9060084,986.2073818,511.1496845,25.05992817,775.427624,265.3639011,842.6060764,131.93938,96.04686356,457,435.7659922,727.3162998,640.9773787,177.3865835,577.6235799,748.2365936,728.6494356,140.8012784,122,510.8825697,677.0265874,567.8485714,158.0506248,856.0519844,639.6248901,191.8462926,499.1803281,549.7135618,466.691547,574.2691007,762.7168544,173.9540169,429.5264835,643.4477446,678.8239831,858.6559264,602.1627687,371.0121292,760.2368052,72.06941099,422.0829302,248.5658866,887.3336464,816.8035259,717.8690688,754.1916202,527.5642141,203.4944717,622.759183,851.0757898,282.1435805,562.2757331,585.2768576,269.6405014,609.0550057,180.6765065,349.5611534,497.3901889,715.2090603,729.7211796,443.4410897,509.9274458,545.2641562,744.8288394,239.8353602,741.6367035,454.3412814,765.4051215,737.4313527,1022.696436,597.8093342,562.1618984,651.8604145,446.861276,622.1012779,599.4263925,581.7233019,922.2933373,748.2546358,777.9524407,208.2546518,610.8256707,359.4008904,853.0164125,256.3825267,292.2618689,197.395542,578.1643365,988.1578821,645.031007,262.2060259,459.0174289,86.68333173,668.2252614,643.6715001,153.3753566,419.1002267,739.5302563
546.4036969,751.4639047,271.3466418,146.5093854,956.928942,870.726708,377.3830945,720.5754645,483.7364985,399.6248241,59.53990259,511.1565318,308.6227471,784.9751588,0,214.4061566,652.4852489,499.672893,809.1507894,361.2478374,681.0301021,603.2453895,581.5187013,685.5982789,677.6348574,284.0422504,342.0716299,620.8776047,830.2409289,804.6297285,299.6681498,184.0543398,662.3850844,709.9366169,588.2176468,751.7506235,260.3171143,950.8401548,852.4910557,240.6927502,397.5487392,587.6742295,464.0905084,715.8414629,617.9352717,803.0255289,814.3003132,473.3550465,830.569082,546.8939568,865.8388996,471.7552331,984.1961187,560.9937611,660.4619595,743.0107671,384.5412852,597.9715712,284.1918366,860.2371766,328.1005943,499.62586,242.0020661,296.4456105,764.0157066,538.4245537,402.0957597,355.6754138,918.2864477,588.5439661,621.2350602,569.0140596,388.8547287,261.9389242,564.6184552,584.7093295,734.418137,701.0370889,668.9289947,347.2074308,872.3531395,765.3090879,640.5388357,849.9647051,420.686344,893.0274352,701.3422845,732.8881224,517.6195514,554.9279232,167.8868667,614.5990563,446.3193924,172.7425831,871.5319845,922.7269369,859.2473451,403.0198506,311.8413058,501.7668781,724.2886165,271.0221393,321.7110505,893.982662,464.7676839,856.7992764,318.4729188,811.756737,965.9839543,741.0330627,842.7176277,184.3610588,976.8725608,415.1770707,349.1847648,619.4255403,668.5820817,794.9968553,496.0645119,822.613518,205,406.322532,445.1898471,375.8896115,398.4896485,929.8817129,870.3384399,234.3501654,924.0589808,918.7295576,784.9006307,603.0754513,588.9804751,657.0616409,752.7237209,509.1178645,469.7765426,538.6585189,352.5365229,281.8368322,257.4198905,916.0349338,742.8977049,91.78779875,456.863218,397.5487392,1010.695305,393.4590195,496.0584643,558.9490138,737.9159844,520.0317298,886.8551178,186.681547,502.1712855,398.9348318,529.0037807,195.2741662,647.9753082,231.8145811,504.7226961,273.5415873,735.3706548,649.8499827,982.3059605,536.9729975,418.3706491,267,1047.038681,411.5349317,749.6692604,231.1384866,156.0288435,666.4608015,541.6761025,203.3543705
654.5234908,652.1962895,79.07591289,193,749.5231818,656.6924699,181.6039647,542.1374364,380.6954163,444.6684158,211.2368339,417.0047961,159.0785969,643.2044776,214.4061566,0,440.9591818,287.6404005,596.1384067,313.6654268,478.6815225,415.9867786,476.6151487,471.5389698,561.1105061,84.72307832,336.0729088,406.5033825,620.0080645,599.0133554,430.2940855,132.2195144,448.0357129,644.1273166,435.2585439,563.702936,235.6713814,737.0759798,666.1268648,163.1103921,239.5767101,514.0009728,366.0191252,511.7665483,464.0107757,611.1301007,603.8915466,259.3318338,642.2343809,339.023598,654.4073655,363.7430412,776.6595136,397.2002014,595.6911952,543.8979684,440.1477025,483.5411048,145.8800877,652.1916896,424.4997055,310.567223,112.8937554,168.8135066,606.4470298,500.7564278,225.6302285,150.0833102,704.1732741,599.7149323,579.7766811,465.2021066,190.6882272,51.2445119,500.2159534,582.0008591,523.4500931,536.3552927,460.5778979,351.4384726,660.0621183,620.5320298,450.1110974,660.4922407,292.2892403,733.9209767,550.8330055,521.1381775,310,362.1670885,222.7195546,492.2458735,491.7570538,105.1189802,660.9644469,784.0057398,737.1973955,192.314846,410.8588565,540.8326913,621.2793253,223.8771985,116,784.7171465,474.6588248,642.9626739,210.2022835,597.3550033,754.2048793,642.8841264,634.6629026,251.3821792,762.528688,297.0824801,407.1854614,415.8773858,472.8889933,637.6848752,471.9343175,634.4769499,244.3460661,269.0724809,547.9927007,214.8976501,185.8278773,758.7002043,656.0160059,211.0213259,737.0786932,705.3523942,570.5760247,526.0513283,377.6400402,489.2647545,550.1790618,519.3197474,281.2329995,347.80023,282.0780034,152.5319639,109.658561,704.9155978,555.2666026,249.1605908,443.7859845,237.4468362,796.9473006,392.7594684,547.2988215,345.1173713,526.5453447,509.1453623,672.4715607,164.924225,546.6936985,325.1353564,630.8763746,135.7718675,474.0653963,32.55764119,315.9382851,222.0923231,545.2375629,585.8540774,835.6823559,577.7283098,377.115367,60.6052803,898.8882022,392.1645063,627.950635,327.3606574,85.98255637,554.0866358,335.053727,346.7116958
1032.760379,734.3602658,410.2340795,615.3665574,416.0048077,227.125516,343.4020967,432.7493501,433.7971876,794.6150011,635.836457,596.5785782,381.2413933,620.8550555,652.4852489,440.9591818,0,153.3231881,158.9276565,515.8614155,101.1385189,343.4210244,608.0008224,67.20119047,633.0007899,369.3846234,579.2495145,83.00602388,285.6868915,314.0063694,844.343532,539.7230771,76.66159404,796.1312706,471.6110686,401.063586,528.2972648,338.2809483,474.826284,527.7309921,420.8966619,690.3448414,565.1840408,107.5639345,481.0166317,410.113399,163.4441801,186.0376306,448.829589,222.0090088,213.4900466,546.4448737,438.3206589,425.7898543,762.4204877,328.1005943,800.3905297,591.5817779,404.3983185,215.6780007,818.5212276,327.2323334,476.7242389,474.3047544,547.7271218,739.341599,379.5787138,333.8023367,274.5487206,880.7593315,790.2025057,603.849319,271.9797787,400.535891,697.2926215,848.4633168,213.4595981,482.0560133,44.28317965,598.6250914,292.6926716,596.8123658,167.4305826,455.8212369,374.5984517,631.3834017,536.2704542,201.0621794,233.0772404,166.5713061,638.376848,578.38482,832.4722218,495.5734053,220.2203442,733.2148389,742.781933,283.270189,808.5567389,865.77422,704.0859323,502.0856501,331.1268639,811.5528325,781.7621122,252.0674513,502.4360656,189.0819928,313.5123602,730.1157442,318.2106221,663.868963,336.7565887,395.1822364,776.2016491,251.3105648,142.6639408,568.9894551,738.1659705,444.5672053,590.2982297,359.9513856,931.5240201,331.2551886,277.8938646,606.9703452,233.173755,526.0313679,524.3224199,316.0775221,154.4344521,692.1972262,63.50590524,447.3935628,307.8765987,816.0490181,225.3197728,180.8867049,570.9194339,472.8096869,456.845707,263.9564358,398.3892569,687.828467,732.6506671,322.0993636,362.0828634,611.5660226,883.8761225,104.4844486,85.58621384,782.1713367,252.0495983,568.4760329,876.3931766,477.7467949,1005.546618,494.5836633,418.2451434,432.4176222,327.9085238,497.0311861,380.3958465,756.7364138,750.6823563,898.0540073,545.2861634,385.5022698,797.7750309,690.7068843,664.4885251,736.854124,519.2494584,638.1763079,232.594067,774.1136867
894.3209715,674.0630534,260.2306669,464.4136088,513.2796509,373.2693398,209.8594768,423.6271946,360.111094,660.1976977,485.0938054,497.7328601,244.4606308,591.6696714,499.672893,287.6404005,153.3231881,0,309.6223506,405.3159262,205.9732992,304.0164469,524.5274063,189.8420396,570.7135884,217.8921752,463.3206233,133.0939518,377.2439529,380.0052631,696.367719,389.6318775,171.4205355,715.8191112,407.569626,412.989104,397.1221475,468.027777,506.3200569,382.800209,301.6521175,598.0535093,458.4332012,233.8247207,425.3292842,441.2493626,316.4711677,42.44997055,479.453856,166.4331698,366.772409,442.7211312,538.7698952,358.2806163,676.2669591,358.2764296,663.7115337,514.3821537,265.0018868,366.3836787,674.6058108,242.5963726,329.1959903,335.01791,527.7092002,631.4570453,259.2682009,190.3785702,421.0617532,765.4704436,692.1098179,517.8127075,130.0961183,247.8003228,599.2703897,736.3708305,283.7199323,454.5877253,176.1050823,482.9616962,403.5207554,566.6224493,211.9929244,492.2001625,278.5677655,634.0670312,498.0542139,276.2788446,156.3873396,140.890028,488.6153907,507.4100906,700.9208229,346.584766,373.4394195,720.3776787,709.5244887,144.699689,663.7650187,738.7130701,642.1253772,371.7337757,179.3348823,773.4248509,657.3431372,375.1612986,368.1548587,321.0295937,466.6497616,667.9288884,401.8084121,514.8689154,481.4530091,298.2364833,637.1726611,238.3212118,217.2487054,554.4628031,622.8394657,473.2398969,452.0707909,256.9065978,791.0025284,209.3466026,134.7182245,628.6660481,375.2252657,390.2166065,568.4663578,440.0556783,290.6441123,603.0530657,90.13878189,411.0048662,349.8571137,695.1172563,129.4179277,139.8427689,442.3403667,330.9456149,309.8644865,417.2780847,407.2959612,534.8046372,611.3468737,208.5569467,511.9414029,504.2231649,754.2048793,66.06814664,238.9079321,666.4923105,392.8676622,419.4484474,748.321455,377.0013263,867.792602,349.4524288,383.9596333,279.6086551,245.5687277,366.8950804,391.0818329,669.0904274,751.600958,772.7386363,447.2191856,232.7230113,806.5339422,565.5864213,616.3513608,589.0619662,366.4314397,572.0917759,172.904598,623.178947
1161.449095,787.8001015,558.8720784,763.6294913,319.9906249,72.99315036,479.6759323,457.7968982,568.7477472,920.7154827,794.1347493,692.291846,539.5155234,649.2495668,809.1507894,596.1384067,158.9276565,309.6223506,0,665.3006839,186.3035158,409.2578649,689.029027,129.1897829,692.8780556,527.2048938,730.0438343,197.4335331,220.2385071,276.7417569,986.7816374,687.1717398,157.7244433,867.1683804,543.6221114,409.147895,684.6897107,203.0369425,452.3295259,668.9947683,542.3651906,776.4083977,669.3705999,155.7562198,544.7724296,396.2032307,55.71355311,337.4314745,430.3045433,325.8005525,68.9637586,648.7064051,335.9360058,504.9287078,840.2172338,330.0545409,928.9634008,667.596435,562.9387178,108.0046295,955.5862075,430.7261311,621.6011583,610.8559568,572.1057595,839.0947503,504.1765564,477.8221426,118.0042372,985.1766339,879.0005688,687.4445432,430.9071826,553.3434738,788.6298244,950.1242024,205.4774927,519.4766597,158.0031645,749.1128086,195,627.7172931,271.0295187,430.0430211,521.699147,626.728809,579.2754095,192.8419042,346.9884724,308.5255257,784.6330352,649.3450547,954.9408359,654.2759357,83.93449827,739.1305703,769.0104031,426.0046948,946.8231091,982.9145436,760.3768802,658.4010936,488.7504476,840,897.3304854,142.126704,633.6244945,83.77350416,160.8601877,785.5755852,256.3123095,808.843619,181,541.9455692,907.727382,315.3173005,232.1228123,586.2465352,845.3194662,428.7213547,748.2045175,510.0088235,1063.49283,487.228899,423.8171776,583.8021925,86.92525525,683.5854007,482.8084506,192.4084198,64,775.1806241,221.677694,496.7625187,301.3735224,927.4146861,379.2690338,325.2598961,694.9856114,611.8570094,601.4000333,117.1537451,410.004878,840.3868157,845.9178447,476.2877282,203.1600354,758.2987538,1003.651832,251.6684327,79,888.7575597,106.0424443,714.2135535,994.4993715,623.8493408,1133.575758,653.4990436,469.0042644,585.2085098,429.6626584,653.3192175,393.0203557,836.1674473,741.5888349,1012.883508,688.7793551,542.3080306,778.5248872,808.6643309,709.112826,879.6385621,671.6621174,701.4164241,336.2171917,921.6127169
