0,7.211102551,51.41984053,10.19803903,26.07680962,75.17978452,15.23154621,21.54065923,63.07138812,91.23595782,60.92618485,53.08483776,85.42833254,13.34166406,69.35416354,20.24845673,9.486832981,64.88451279,54.62600113,51.26402247,59.68249325,21.9544984,85.61541917,83.77350416,15.8113883,8.602325267,22.13594362,7.071067812,63.95310782,17.2626765,52.17278984,58.05170109,17.02938637,19.23538406,52.17278984,13.03840481,13.03840481,19.23538406,87.46427842,21.21320344,69.35416354,15.29705854,17.02938637,58.82176468,69.35416354,15.29705854,59.93329626,17.2626765,8.602325267,15.8113883,85.61541917,69.35416354,7.615773106,13.92838828,52.17278984,55.4436651
7.211102551,0,56.92099788,14.56021978,22.36067977,78.79086241,15.62049935,21.26029163,67.06713055,95.07891459,65.1459899,57.70615219,89.31965069,17.2626765,73.38937253,19.84943324,3.16227766,68.9492567,58.82176468,55.78530272,64.76109943,15.8113883,89.81091248,87.92041856,15.55634919,11.40175425,17.02938637,3.16227766,67.77905281,15.8113883,57.56735186,63.3245608,17.72004515,23.19482701,57.56735186,7.615773106,15.03329638,17.49285568,91.70605214,17.2626765,73.00684899,14.2126704,14.76482306,63.56099433,73.38937253,14.2126704,63.90618123,13.34166406,9.055385138,19.02629759,89.81091248,73.38937253,1.414213562,14.2126704,57.56735186,60.41522987
51.41984053,56.92099788,0,42.3792402,77.27871635,101.5480182,64.28063472,70.11419257,89.18520057,114.0175425,86.092973,9.486832981,108.6001842,39.92492956,94.03190948,69.18092223,57.00877125,90.21086409,81.41252975,76.94153625,9.486832981,72.73238618,106.6677083,105.4229577,65.37583651,57.42821606,73.4982993,54.4242593,90.91754506,67.60177512,1.414213562,7.071067812,43.56604182,34.43835072,1.414213562,56.79788728,43.38202393,69.58448103,107.9351657,72.56721023,96.38464608,65.62011887,67.89698079,80.99382693,94.03190948,65.62011887,86.83317338,68.65857558,48.84669897,38.91015292,106.6677083,94.03190948,56.30275304,63.38769597,1.414213562,7.071067812
10.19803903,14.56021978,42.3792402,0,36,82.09750301,25.29822128,31.6227766,69.64194139,97.75479528,67.23094526,43.28972164,91.92388155,3.16227766,75.80237463,30.3644529,14.76482306,71.34423593,61.05735009,57.30619513,50.21951812,30.3644529,91.70605214,89.94442729,25.96150997,18.38477631,31.40063694,12.08304597,70.72481884,27.45906044,43.01162634,48.76474136,9.486832981,9.055385138,43.01162634,15.55634919,5.099019514,29.42787794,93.47726996,31.01612484,76.2758153,25.49509757,27.16615541,64.40496875,75.80237463,25.49509757,66.57326791,27.01851217,7.071067812,5.830951895,91.70605214,75.80237463,13.92838828,24.04163056,43.01162634,45.89117562
26.07680962,22.36067977,77.27871635,36,0,68.73136111,14.4222051,11.66190379,59.00847397,85.15867542,58.03447251,79.15806971,79.76214641,39.01281841,65.06919394,11.40175425,24.04163056,61.00819617,52.15361924,50.6359556,85.70880935,11.40175425,81.3019065,79.30952024,13.03840481,20.24845673,7.071067812,25.49509757,59.07622195,10.29563014,78.08969202,84.01190392,40.02499219,45.01110974,78.08969202,27.31300057,37.33630941,8.602325267,83.29465769,5.099019514,63.38769597,12.08304597,9.486832981,58.54912467,65.06919394,12.08304597,56,9.055385138,31.40063694,41.10960958,81.3019065,65.06919394,23.53720459,14.76482306,78.08969202,81.49846624
75.17978452,78.79086241,101.5480182,82.09750301,68.73136111,0,63.90618123,60.16643583,12.72792206,16.4924225,15.62049935,109.0412766,11.04536102,84.62860037,7.615773106,61.40032573,81.9390017,11.40175425,21.26029163,25.45584412,110.788086,78.85429601,13.34166406,11.40175425,64.51356447,67.54257916,74.52516354,80.95677859,11.40175425,65.80273551,102.9271587,108.0462864,91.26883367,88.23831367,102.9271587,86.40601831,86.82165628,65.2533524,15.29705854,70.61161378,5.830951895,66.40783086,67.72001181,20.59126028,7.615773106,66.40783086,15.62049935,71.56814934,83.72574276,87.4185335,13.34166406,7.615773106,80.11242101,65.19202405,102.9271587,108.4527547
15.23154621,15.62049935,64.28063472,25.29822128,14.4222051,63.90618123,0,6.32455532,52.63078947,80.32434251,50.99019514,67.06713055,74.63243263,28.46049894,58.94064811,5.099019514,18.60107524,54.5710546,44.72135955,42.19004622,73.06161783,17.72004515,75.43208866,73.4982993,1.414213562,7.071067812,14.76482306,18.38477631,53.16013544,4.242640687,65.19202405,71.1758386,31.90611227,34.20526275,65.19202405,23.02172887,28.17800561,5.830951895,77.36924454,11.40175425,58.1893461,3.16227766,5.830951895,50.15974482,58.94064811,3.16227766,49.47726751,9.486832981,23.02172887,31.01612484,75.43208866,58.94064811,17.02938637,1.414213562,65.19202405,69.007246
21.54065923,21.26029163,70.11419257,31.6227766,11.66190379,60.16643583,6.32455532,0,49.49747468,76.65507159,48.16637832,73.17103252,71.06335202,34.78505426,55.73149917,1.414213562,24.04163056,51.4781507,42.04759208,40.04996879,79.00632886,19.02629759,72.18032973,70.21395873,5.830951895,13.34166406,15.03329638,24.20743687,49.81967483,5.830951895,71.06335202,77.0584194,38.07886553,40.52159918,71.06335202,28.31960452,34.43835072,5.099019514,74.14849965,11.04536102,54.5710546,7.071067812,7.615773106,48.0416486,55.73149917,7.071067812,46.38965402,11.40175425,29.15475947,37.33630941,72.18032973,55.73149917,22.6715681,7.615773106,71.06335202,75.00666637
63.07138812,67.06713055,89.18520057,69.64194139,59.00847397,12.72792206,52.63078947,49.49747468,0,28.17800561,3.16227766,96.5194281,22.36067977,72.11102551,6.32455532,50.6359556,70.22819946,2,8.602325267,12.72792206,98.48857802,68.46897107,22.8035085,20.88061302,53.36665626,55.71355311,64.28063472,69.07966416,2,54.91812087,90.55385138,95.77055915,78.89233169,75.60423269,90.55385138,74.67261881,74.43117626,54.58937626,24.73863375,60.29925373,7.211102551,55.31726674,56.88585061,9.055385138,6.32455532,55.31726674,3.16227766,60.8276253,71.55417528,74.88658091,22.8035085,6.32455532,68.35202996,53.85164807,90.55385138,96.04165763
91.23595782,95.07891459,114.0175425,97.75479528,85.15867542,16.4924225,80.32434251,76.65507159,28.17800561,0,30.52867504,122.0245877,5.830951895,100.1698557,21.9544984,77.88452991,98.23441352,26.41968963,36.7151195,40.49691346,123.004065,95.34149149,7.615773106,8.602325267,80.95677859,83.77350416,91.00549434,97.1699542,27.31300057,82.28000972,115.4209686,120.2081528,107.0420478,103.4698024,115.4209686,102.6937194,102.5768005,81.74350127,7.071067812,87.09764635,22.13594362,82.86132994,84.20213774,34.05877273,21.9544984,82.86132994,31.30495168,88.05679985,99.72963451,102.9271587,7.615773106,21.9544984,96.38464608,81.59656856,115.4209686,121.0371844
60.92618485,65.1459899,86.092973,67.23094526,58.03447251,15.62049935,50.99019514,48.16637832,3.16227766,30.52867504,0,93.47726996,24.69817807,69.64194139,8.602325267,49.25444142,68.30812543,4.242640687,6.32455532,10,95.38343672,67.18630813,24.69817807,22.84731932,51.7880295,53.75872022,63.07138812,67.06713055,5.099019514,53.46026562,87.46427842,92.66067127,76.53757247,73.00684899,87.46427842,72.73238618,72.06941099,53.23532662,26.57066051,59.07622195,10.29563014,53.75872022,55.4436651,6,8.602325267,53.75872022,2.828427125,59.41380311,69.35416354,72.40165744,24.69817807,8.602325267,66.40783086,52.17278984,87.46427842,92.96235797
53.08483776,57.70615219,9.486832981,43.28972164,79.15806971,109.0412766,67.06713055,73.17103252,96.5194281,122.0245877,93.47726996,0,116.5160933,40.44749683,101.6070864,72.11102551,57.27128425,97.65244493,88.50988645,84.05950273,8.485281374,73.34848328,114.7693339,113.4548368,68.02940541,60.03332408,74.67261881,54.91812087,98.18350167,70,8.246211251,8.94427191,42.3792402,34.525353,8.246211251,56.32051136,43.17406629,72,116.1034022,74.24284477,103.7304198,68,70.0285656,88.60022573,101.6070864,68,94.03190948,70.25667228,49.03060269,38.83297568,114.7693339,101.6070864,56.88585061,66.03029608,8.246211251,4.472135955
85.42833254,89.31965069,108.6001842,91.92388155,79.76214641,11.04536102,74.63243263,71.06335202,22.36067977,5.830951895,24.69817807,116.5160933,0,94.33981132,16.1245155,72.277244,92.47702417,20.59126028,30.88689042,34.66987165,117.6435294,89.82204629,4.472135955,4,75.2861209,78,85.51023331,91.38927727,21.54065923,76.65507159,110,114.8564321,101.2126474,97.65244493,110,96.93296653,96.74709298,76.15773106,5.656854249,81.58431222,16.4924225,77.20103626,78.58753082,28.31960452,16.1245155,77.20103626,25.49509757,82.46211251,93.91485505,97.09788875,4.472135955,16.1245155,90.62008607,75.89466384,110,115.6027681
13.34166406,17.2626765,39.92492956,3.16227766,39.01281841,84.62860037,28.46049894,34.78505426,72.11102551,100.1698557,69.64194139,40.44749683,94.33981132,0,78.23042886,33.52610923,17.08800749,73.78346698,63.51377803,59.68249325,47.5394573,32.984845,94.02127419,92.28217596,29.12043956,21.54065923,34.23448554,14.56021978,73.23933369,30.59411708,40.49691346,46.17358552,8,6,40.49691346,17.20465053,4.472135955,32.55764119,95.77055915,34,78.81624198,28.63564213,30.2654919,66.64833081,78.23042886,28.63564213,69.0651866,30,8.94427191,2.828427125,94.02127419,78.23042886,16.4924225,27.20294102,40.49691346,43.17406629
69.35416354,73.38937253,94.03190948,75.80237463,65.06919394,7.615773106,58.94064811,55.73149917,6.32455532,21.9544984,8.602325267,101.6070864,16.1245155,78.23042886,0,56.88585061,76.55063684,4.472135955,14.76482306,18.60107524,103.247276,74.67261881,16.4924225,14.56021978,59.66573556,62.03224968,70.45565982,75.3923073,6,61.18823416,95.41488354,100.4987562,85.08818954,81.60882305,95.41488354,80.99382693,80.62257748,60.8276253,18.43908891,66.48308055,4.472135955,61.6116872,63.15061362,13.03840481,0,61.6116872,9.486832981,67.08203932,77.82030583,80.99382693,16.4924225,0,74.67261881,60.16643583,95.41488354,100.9554357
20.24845673,19.84943324,69.18092223,30.3644529,11.40175425,61.40032573,5.099019514,1.414213562,50.6359556,77.88452991,49.25444142,72.11102551,72.277244,33.52610923,56.88585061,0,22.627417,52.61178575,43.10452412,41.01219331,78.02563681,18,73.34848328,71.38627319,4.472135955,12.16552506,14.14213562,22.8035085,50.99019514,4.472135955,70.11419257,76.10519036,36.7151195,39.29376541,70.11419257,26.90724809,33.10589071,4,75.31268154,10.19803903,55.78530272,5.656854249,6.32455532,49.01020302,56.88585061,5.656854249,47.51841748,10.19803903,27.78488798,36.05551275,73.34848328,56.88585061,21.26029163,6.32455532,70.11419257,74
9.486832981,3.16227766,57.00877125,14.76482306,24.04163056,81.9390017,18.60107524,24.04163056,70.22819946,98.23441352,68.30812543,57.27128425,92.47702417,17.08800749,76.55063684,22.627417,0,72.11102551,61.98386887,58.94064811,64.56004957,16.1245155,92.97311439,91.08238029,18.43908891,14.56021978,18.11077028,2.828427125,70.9365914,18.43908891,57.5847202,63.2455532,16.1245155,22.8035085,57.5847202,4.472135955,14.14213562,20,94.86832981,18.97366596,76.15773106,16.97056275,17.20465053,66.70832032,76.55063684,16.97056275,67.06713055,15.23154621,8.246211251,18.43908891,92.97311439,76.55063684,2,17.20465053,57.5847202,60.16643583
64.88451279,68.9492567,90.21086409,71.34423593,61.00819617,11.40175425,54.5710546,51.4781507,2,26.41968963,4.242640687,97.65244493,20.59126028,73.78346698,4.472135955,52.61178575,72.11102551,0,10.29563014,14.2126704,99.47864092,70.45565982,20.88061302,18.97366596,55.31726674,57.5847202,66.2721661,70.9365914,2.828427125,56.88585061,91.58602513,96.74709298,80.62257748,77.20103626,91.58602513,76.55063684,76.15773106,56.56854249,22.8035085,62.28964601,6.32455532,57.27128425,58.85575588,9.486832981,4.472135955,57.27128425,5.099019514,62.80127387,73.34848328,76.55063684,20.88061302,4.472135955,70.22819946,55.78530272,91.58602513,97.09788875
54.62600113,58.82176468,81.41252975,61.05735009,52.15361924,21.26029163,44.72135955,42.04759208,8.602325267,36.7151195,6.32455532,88.50988645,30.88689042,63.51377803,14.76482306,43.10452412,61.98386887,10.29563014,0,4.472135955,90.78546139,61.07372594,31.01612484,29.15475947,45.54119015,47.4341649,57.00877125,60.74537019,9.899494937,47.26520919,82.76472679,88.10221337,70.32780389,67.00746227,82.76472679,66.40783086,65.8634952,47.09564736,32.89376841,53.00943312,15.55634919,47.51841748,49.25444142,7.211102551,14.76482306,47.51841748,5.656854249,53.23532662,63.07138812,66.28725368,31.01612484,14.76482306,60.08327554,45.89117562,82.76472679,88.19297024
51.26402247,55.78530272,76.94153625,57.30619513,50.6359556,25.45584412,42.19004622,40.04996879,12.72792206,40.49691346,10,84.05950273,34.66987165,59.68249325,18.60107524,41.01219331,58.94064811,14.2126704,4.472135955,0,86.31338251,59.00847397,34.43835072,32.64965543,43.10452412,44.38468204,55.08175742,57.56735186,14.2126704,45.01110974,78.29431652,83.63013811,66.64833081,63.00793601,78.29431652,63.3245608,62.17716623,45.01110974,36.24913792,51.0881591,19.84943324,45.09988914,47.01063709,8,18.60107524,45.09988914,10,51.00980298,59.61543424,62.43396512,34.43835072,18.60107524,57.00877125,43.28972164,78.29431652,83.72574276
59.68249325,64.76109943,9.486832981,50.21951812,85.70880935,110.788086,73.06161783,79.00632886,98.48857802,123.004065,95.38343672,8.485281374,117.6435294,47.5394573,103.247276,78.02563681,64.56004957,99.47864092,90.78546139,86.31338251,0,80.52328856,115.6027681,114.4027972,74.10802925,66.12110102,81.58431222,62.09669879,100.2397127,76.23647421,8.246211251,2.828427125,50.15974482,41.76122604,8.246211251,63.90618123,50.59644256,78.23042886,116.8246549,80.89499366,105.6787585,74.24284477,76.4198927,90.21086409,103.247276,74.24284477,96.17692031,76.94153625,56.32051136,46.17358552,115.6027681,103.247276,64.03124237,72.11102551,8.246211251,4.472135955
21.9544984,15.8113883,72.73238618,30.3644529,11.40175425,78.85429601,17.72004515,19.02629759,68.46897107,95.34149149,67.18630813,73.34848328,89.82204629,32.984845,74.67261881,18,16.1245155,70.45565982,61.07372594,59.00847397,80.52328856,0,91.08238029,89.10667764,16.4924225,20,4.472135955,18.43908891,68.73136111,14.14213562,73.37574531,79.12016178,32,38.83297568,73.37574531,18.11077028,30.2654919,14,93.05912099,8.246211251,73.34848328,14.56021978,12.16552506,67.00746227,74.67261881,14.56021978,65.37583651,8.246211251,24.33105012,34.525353,91.08238029,74.67261881,16.4924225,17.08800749,73.37574531,76.15773106
85.61541917,89.81091248,106.6677083,91.70605214,81.3019065,13.34166406,75.43208866,72.18032973,22.8035085,7.615773106,24.69817807,114.7693339,4.472135955,94.02127419,16.4924225,73.34848328,92.97311439,20.88061302,31.01612484,34.43835072,115.6027681,91.08238029,0,2,76.15773106,78.4346862,86.83317338,91.76055798,22.36067977,77.66595136,108.0740487,112.8007092,101.0742301,97.09788875,108.0740487,97.4063653,96.60227741,77.27871635,2,82.87339742,18,78.10249676,79.62411695,27.45906044,16.4924225,78.10249676,25.96150997,83.5463943,94.02127419,96.74709298,0,16.4924225,91.08238029,76.65507159,108.0740487,113.7013632
83.77350416,87.92041856,105.4229577,89.94442729,79.30952024,11.40175425,73.4982993,70.21395873,20.88061302,8.602325267,22.84731932,113.4548368,4,92.28217596,14.56021978,71.38627319,91.08238029,18.97366596,29.15475947,32.64965543,114.4027972,89.10667764,2,0,74.21590126,76.55063684,84.85281374,89.88882022,20.39607805,75.70997292,106.8269629,111.6064514,99.2975327,95.41488354,106.8269629,95.51963149,94.82615673,75.31268154,4,80.89499366,16,76.15773106,77.66595136,25.8069758,14.56021978,76.15773106,24.04163056,81.58431222,92.19544457,95.01578816,2,14.56021978,89.19641248,74.72616677,106.8269629,112.4455424
15.8113883,15.55634919,65.37583651,25.96150997,13.03840481,64.51356447,1.414213562,5.830951895,53.36665626,80.95677859,51.7880295,68.02940541,75.2861209,29.12043956,59.66573556,4.472135955,18.43908891,55.31726674,45.54119015,43.10452412,74.10802925,16.4924225,76.15773106,74.21590126,0,8,13.41640786,18.43908891,53.85164807,2.828427125,66.2721661,72.24956747,32.24903099,34.92849839,66.2721661,22.8035085,28.63564213,4.472135955,78.10249676,10,58.82176468,2,4.472135955,51.0881591,59.66573556,2,50.21951812,8.246211251,23.32380758,31.6227766,76.15773106,59.66573556,16.97056275,2,66.2721661,70.0285656
8.602325267,11.40175425,57.42821606,18.38477631,20.24845673,67.54257916,7.071067812,13.34166406,55.71355311,83.77350416,53.75872022,60.03332408,78,21.54065923,62.03224968,12.16552506,14.56021978,57.5847202,47.4341649,44.38468204,66.12110102,20,78.4346862,76.55063684,8,0,18.43908891,13.41640786,56.46237685,10.19803903,58.30951895,64.28063472,25.61249695,27.20294102,58.30951895,18.97366596,21.63330765,12.16552506,80.32434251,16.1245155,61.74139616,8.246211251,10.77032961,52.17278984,62.03224968,8.246211251,52.55473337,12.80624847,16.97056275,24.16609195,78.4346862,62.03224968,12.64911064,6,58.30951895,62.03224968
22.13594362,17.02938637,73.4982993,31.40063694,7.071067812,74.52516354,14.76482306,15.03329638,64.28063472,91.00549434,63.07138812,74.67261881,85.51023331,34.23448554,70.45565982,14.14213562,18.11077028,66.2721661,57.00877125,55.08175742,81.58431222,4.472135955,86.83317338,84.85281374,13.41640786,18.43908891,0,20,64.49806199,10.77032961,74.21590126,80.04998438,34.23448554,40.19950248,74.21590126,20.88061302,32,10.19803903,88.81441324,4,69.05070601,11.66190379,8.94427191,63.07138812,70.45565982,11.66190379,61.20457499,5.656854249,26,36.05551275,86.83317338,70.45565982,18,14.4222051,74.21590126,77.27871635
7.071067812,3.16227766,54.4242593,12.08304597,25.49509757,80.95677859,18.38477631,24.20743687,69.07966416,97.1699542,67.06713055,54.91812087,91.38927727,14.56021978,75.3923073,22.8035085,2.828427125,70.9365914,60.74537019,57.56735186,62.09669879,18.43908891,91.76055798,89.88882022,18.43908891,13.41640786,20,0,69.85699679,18.86796226,55.02726597,60.7289058,14.56021978,20.39607805,55.02726597,6,12,20.59126028,93.63759929,20.39607805,75.15317691,17.20465053,17.88854382,65.2533524,75.3923073,17.20465053,65.9241989,16.4924225,6,16.1245155,91.76055798,75.3923073,2,16.97056275,55.02726597,57.72347876
63.95310782,67.77905281,90.91754506,70.72481884,59.07622195,11.40175425,53.16013544,49.81967483,2,27.31300057,5.099019514,98.18350167,21.54065923,73.23933369,6,50.99019514,70.9365914,2.828427125,9.899494937,14.2126704,100.2397127,68.73136111,22.36067977,20.39607805,53.85164807,56.46237685,64.49806199,69.85699679,0,55.31726674,92.28217596,97.52948272,79.92496481,76.83749085,92.28217596,75.3923073,75.47184906,54.91812087,24.33105012,60.5309838,5.656854249,55.78530272,57.27128425,11.04536102,6,55.78530272,4.242640687,61.18823416,72.47068373,76.02631123,22.36067977,6,69.07966416,54.40588203,92.28217596,97.75479528
17.2626765,15.8113883,67.60177512,27.45906044,10.29563014,65.80273551,4.242640687,5.830951895,54.91812087,82.28000972,53.46026562,70,76.65507159,30.59411708,61.18823416,4.472135955,18.43908891,56.88585061,47.26520919,45.01110974,76.23647421,14.14213562,77.66595136,75.70997292,2.828427125,10.19803903,10.77032961,18.86796226,55.31726674,0,68.46897107,74.43117626,33.10589071,36.49657518,68.46897107,22.627417,29.73213749,2,79.62411695,7.211102551,60.16643583,2,2,53.00943312,61.18823416,2,51.7880295,6,24.16609195,32.984845,77.66595136,61.18823416,17.20465053,4.472135955,68.46897107,72.11102551
52.17278984,57.56735186,1.414213562,43.01162634,78.08969202,102.9271587,65.19202405,71.06335202,90.55385138,115.4209686,87.46427842,8.246211251,110,40.49691346,95.41488354,70.11419257,57.5847202,91.58602513,82.76472679,78.29431652,8.246211251,73.37574531,108.0740487,106.8269629,66.2721661,58.30951895,74.21590126,55.02726597,92.28217596,68.46897107,0,6,43.9089968,34.92849839,0,57.27128425,43.8634244,70.45565982,109.3434955,73.34848328,97.75479528,66.48308055,68.73136111,82.37718131,95.41488354,66.48308055,88.19297024,69.42621983,49.39635614,39.39543121,108.0740487,95.41488354,56.92099788,64.28063472,0,5.656854249
58.05170109,63.3245608,7.071067812,48.76474136,84.01190392,108.0462864,71.1758386,77.0584194,95.77055915,120.2081528,92.66067127,8.94427191,114.8564321,46.17358552,100.4987562,76.10519036,63.2455532,96.74709298,88.10221337,83.63013811,2.828427125,79.12016178,112.8007092,111.6064514,72.24956747,64.28063472,80.04998438,60.7289058,97.52948272,74.43117626,6,0,49.1934955,40.49691346,6,62.76941931,49.39635614,76.4198927,114.0175425,79.24645102,102.9563014,72.44308111,74.67261881,87.46427842,100.4987562,72.44308111,93.47726996,75.31268154,55.02726597,44.94441011,112.8007092,100.4987562,62.64183905,70.25667228,6,4.472135955
17.02938637,17.72004515,43.56604182,9.486832981,40.02499219,91.26883367,31.90611227,38.07886553,78.89233169,107.0420478,76.53757247,42.3792402,101.2126474,8,85.08818954,36.7151195,16.1245155,80.62257748,70.32780389,66.64833081,50.15974482,32,101.0742301,99.2975327,32.24903099,25.61249695,34.23448554,14.56021978,79.92496481,33.10589071,43.9089968,49.1934955,0,10,43.9089968,14.14213562,4.472135955,34.92849839,102.859127,34.92849839,85.44003745,31.30495168,32.31098884,73.8241153,85.08818954,31.30495168,75.80237463,31.04834939,8.94427191,6.32455532,101.0742301,85.08818954,16.4924225,30.52867504,43.9089968,45.69463864
19.23538406,23.19482701,34.43835072,9.055385138,45.01110974,88.23831367,34.20526275,40.52159918,75.60423269,103.4698024,73.00684899,34.525353,97.65244493,6,81.60882305,39.29376541,22.8035085,77.20103626,67.00746227,63.00793601,41.76122604,38.83297568,97.09788875,95.41488354,34.92849839,27.20294102,40.19950248,20.39607805,76.83749085,36.49657518,34.92849839,40.49691346,10,0,34.92849839,22.36067977,8.94427191,38.47076812,98.79271228,40,82.46211251,34.525353,36.22154055,69.64194139,81.60882305,34.525353,72.62231062,36,14.56021978,4.472135955,97.09788875,81.60882305,22.36067977,32.984845,34.92849839,37.36308338
52.17278984,57.56735186,1.414213562,43.01162634,78.08969202,102.9271587,65.19202405,71.06335202,90.55385138,115.4209686,87.46427842,8.246211251,110,40.49691346,95.41488354,70.11419257,57.5847202,91.58602513,82.76472679,78.29431652,8.246211251,73.37574531,108.0740487,106.8269629,66.2721661,58.30951895,74.21590126,55.02726597,92.28217596,68.46897107,0,6,43.9089968,34.92849839,0,57.27128425,43.8634244,70.45565982,109.3434955,73.34848328,97.75479528,66.48308055,68.73136111,82.37718131,95.41488354,66.48308055,88.19297024,69.42621983,49.39635614,39.39543121,108.0740487,95.41488354,56.92099788,64.28063472,0,5.656854249
13.03840481,7.615773106,56.79788728,15.55634919,27.31300057,86.40601831,23.02172887,28.31960452,74.67261881,102.6937194,72.73238618,56.32051136,96.93296653,17.20465053,80.99382693,26.90724809,4.472135955,76.55063684,66.40783086,63.3245608,63.90618123,18.11077028,97.4063653,95.51963149,22.8035085,18.97366596,20.88061302,6,75.3923073,22.627417,57.27128425,62.76941931,14.14213562,22.36067977,57.27128425,0,13.41640786,24.08318916,99.2975327,22.36067977,80.62257748,21.26029163,21.26029163,71.06335202,80.99382693,21.26029163,71.51223672,18.86796226,8.485281374,17.88854382,97.4063653,80.99382693,6.32455532,21.63330765,57.27128425,59.46427499
13.03840481,15.03329638,43.38202393,5.099019514,37.33630941,86.82165628,28.17800561,34.43835072,74.43117626,102.5768005,72.06941099,43.17406629,96.74709298,4.472135955,80.62257748,33.10589071,14.14213562,76.15773106,65.8634952,62.17716623,50.59644256,30.2654919,96.60227741,94.82615673,28.63564213,21.63330765,32,12,75.47184906,29.73213749,43.8634244,49.39635614,4.472135955,8.94427191,43.8634244,13.41640786,0,31.6227766,98.38699101,32.24903099,80.99382693,27.85677655,29.12043956,69.35416354,80.62257748,27.85677655,71.34423593,28.28427125,6,4.472135955,96.60227741,80.62257748,14,26.83281573,43.8634244,46.17358552
19.23538406,17.49285568,69.58448103,29.42787794,8.602325267,65.2533524,5.830951895,5.099019514,54.58937626,81.74350127,53.23532662,72,76.15773106,32.55764119,60.8276253,4,20,56.56854249,47.09564736,45.01110974,78.23042886,14,77.27871635,75.31268154,4.472135955,12.16552506,10.19803903,20.59126028,54.91812087,2,70.45565982,76.4198927,34.92849839,38.47076812,70.45565982,24.08318916,31.6227766,0,79.24645102,6.32455532,59.66573556,4,2.828427125,53.00943312,60.8276253,4,51.4781507,6.32455532,26,34.92849839,77.27871635,60.8276253,18.86796226,6.32455532,70.45565982,74.10802925
87.46427842,91.70605214,107.9351657,93.47726996,83.29465769,15.29705854,77.36924454,74.14849965,24.73863375,7.071067812,26.57066051,116.1034022,5.656854249,95.77055915,18.43908891,75.31268154,94.86832981,22.8035085,32.89376841,36.24913792,116.8246549,93.05912099,2,4,78.10249676,80.32434251,88.81441324,93.63759929,24.33105012,79.62411695,109.3434955,114.0175425,102.859127,98.79271228,109.3434955,99.2975327,98.38699101,79.24645102,0,84.85281374,20,80.04998438,81.58431222,29.15475947,18.43908891,80.04998438,27.89265136,85.51023331,95.85405573,98.48857802,2,18.43908891,92.97311439,78.58753082,109.3434955,114.9782588
21.21320344,17.2626765,72.56721023,31.01612484,5.099019514,70.61161378,11.40175425,11.04536102,60.29925373,87.09764635,59.07622195,74.24284477,81.58431222,34,66.48308055,10.19803903,18.97366596,62.28964601,53.00943312,51.0881591,80.89499366,8.246211251,82.87339742,80.89499366,10,16.1245155,4,20.39607805,60.5309838,7.211102551,73.34848328,79.24645102,34.92849839,40,73.34848328,22.36067977,32.24903099,6.32455532,84.85281374,0,65.11528238,8.485281374,5.656854249,59.07622195,66.48308055,8.485281374,57.218878,4,26.30589288,36.05551275,82.87339742,66.48308055,18.43908891,11.3137085,73.34848328,76.65507159
69.35416354,73.00684899,96.38464608,76.2758153,63.38769597,5.830951895,58.1893461,54.5710546,7.211102551,22.13594362,10.29563014,103.7304198,16.4924225,78.81624198,4.472135955,55.78530272,76.15773106,6.32455532,15.55634919,19.84943324,105.6787585,73.34848328,18,16,58.82176468,61.74139616,69.05070601,75.15317691,5.656854249,60.16643583,97.75479528,102.9563014,85.44003745,82.46211251,97.75479528,80.62257748,80.99382693,59.66573556,20,65.11528238,0,60.7289058,62.09669879,15.8113883,4.472135955,60.7289058,9.899494937,65.96969001,77.89736838,81.60882305,18,4.472135955,74.3236167,59.46427499,97.75479528,103.247276
15.29705854,14.2126704,65.62011887,25.49509757,12.08304597,66.40783086,3.16227766,7.071067812,55.31726674,82.86132994,53.75872022,68,77.20103626,28.63564213,61.6116872,5.656854249,16.97056275,57.27128425,47.51841748,45.09988914,74.24284477,14.56021978,78.10249676,76.15773106,2,8.246211251,11.66190379,17.20465053,55.78530272,2,66.48308055,72.44308111,31.30495168,34.525353,66.48308055,21.26029163,27.85677655,4,80.04998438,8.485281374,60.7289058,0,2.828427125,53.08483776,61.6116872,0,52.17278984,6.32455532,22.36067977,31.04834939,78.10249676,61.6116872,15.62049935,2.828427125,66.48308055,70.11419257
17.02938637,14.76482306,67.89698079,27.16615541,9.486832981,67.72001181,5.830951895,7.615773106,56.88585061,84.20213774,55.4436651,70.0285656,78.58753082,30.2654919,63.15061362,6.32455532,17.20465053,58.85575588,49.25444142,47.01063709,76.4198927,12.16552506,79.62411695,77.66595136,4.472135955,10.77032961,8.94427191,17.88854382,57.27128425,2,68.73136111,74.67261881,32.31098884,36.22154055,68.73136111,21.26029163,29.12043956,2.828427125,81.58431222,5.656854249,62.09669879,2.828427125,0,55.00909016,63.15061362,2.828427125,53.75872022,4,23.40939982,32.55764119,79.62411695,63.15061362,16.1245155,5.656854249,68.73136111,72.24956747
58.82176468,63.56099433,80.99382693,64.40496875,58.54912467,20.59126028,50.15974482,48.0416486,9.055385138,34.05877273,6,88.60022573,28.31960452,66.64833081,13.03840481,49.01020302,66.70832032,9.486832981,7.211102551,8,90.21086409,67.00746227,27.45906044,25.8069758,51.0881591,52.17278984,63.07138812,65.2533524,11.04536102,53.00943312,82.37718131,87.46427842,73.8241153,69.64194139,82.37718131,71.06335202,69.35416354,53.00943312,29.15475947,59.07622195,15.8113883,53.08483776,55.00909016,0,13.03840481,53.08483776,8.246211251,59.00847397,67.06713055,69.35416354,27.45906044,13.03840481,64.76109943,51.2445119,82.37718131,87.92041856
69.35416354,73.38937253,94.03190948,75.80237463,65.06919394,7.615773106,58.94064811,55.73149917,6.32455532,21.9544984,8.602325267,101.6070864,16.1245155,78.23042886,0,56.88585061,76.55063684,4.472135955,14.76482306,18.60107524,103.247276,74.67261881,16.4924225,14.56021978,59.66573556,62.03224968,70.45565982,75.3923073,6,61.18823416,95.41488354,100.4987562,85.08818954,81.60882305,95.41488354,80.99382693,80.62257748,60.8276253,18.43908891,66.48308055,4.472135955,61.6116872,63.15061362,13.03840481,0,61.6116872,9.486832981,67.08203932,77.82030583,80.99382693,16.4924225,0,74.67261881,60.16643583,95.41488354,100.9554357
15.29705854,14.2126704,65.62011887,25.49509757,12.08304597,66.40783086,3.16227766,7.071067812,55.31726674,82.86132994,53.75872022,68,77.20103626,28.63564213,61.6116872,5.656854249,16.97056275,57.27128425,47.51841748,45.09988914,74.24284477,14.56021978,78.10249676,76.15773106,2,8.246211251,11.66190379,17.20465053,55.78530272,2,66.48308055,72.44308111,31.30495168,34.525353,66.48308055,21.26029163,27.85677655,4,80.04998438,8.485281374,60.7289058,0,2.828427125,53.08483776,61.6116872,0,52.17278984,6.32455532,22.36067977,31.04834939,78.10249676,61.6116872,15.62049935,2.828427125,66.48308055,70.11419257
59.93329626,63.90618123,86.83317338,66.57326791,56,15.62049935,49.47726751,46.38965402,3.16227766,31.30495168,2.828427125,94.03190948,25.49509757,69.0651866,9.486832981,47.51841748,67.06713055,5.099019514,5.656854249,10,96.17692031,65.37583651,25.96150997,24.04163056,50.21951812,52.55473337,61.20457499,65.9241989,4.242640687,51.7880295,88.19297024,93.47726996,75.80237463,72.62231062,88.19297024,71.51223672,71.34423593,51.4781507,27.89265136,57.218878,9.899494937,52.17278984,53.75872022,8.246211251,9.486832981,52.17278984,0,57.70615219,68.42514158,71.84705979,25.96150997,9.486832981,65.19202405,50.69516742,88.19297024,93.64827815
17.2626765,13.34166406,68.65857558,27.01851217,9.055385138,71.56814934,9.486832981,11.40175425,60.8276253,88.05679985,59.41380311,70.25667228,82.46211251,30,67.08203932,10.19803903,15.23154621,62.80127387,53.23532662,51.00980298,76.94153625,8.246211251,83.5463943,81.58431222,8.246211251,12.80624847,5.656854249,16.4924225,61.18823416,6,69.42621983,75.31268154,31.04834939,36,69.42621983,18.86796226,28.28427125,6.32455532,85.51023331,4,65.96969001,6.32455532,4,59.00847397,67.08203932,6.32455532,57.70615219,0,22.36067977,32.06243908,83.5463943,67.08203932,14.56021978,8.94427191,69.42621983,72.69112738
8.602325267,9.055385138,48.84669897,7.071067812,31.40063694,83.72574276,23.02172887,29.15475947,71.55417528,99.72963451,69.35416354,49.03060269,93.91485505,8.94427191,77.82030583,27.78488798,8.246211251,73.34848328,63.07138812,59.61543424,56.32051136,24.33105012,94.02127419,92.19544457,23.32380758,16.97056275,26,6,72.47068373,24.16609195,49.39635614,55.02726597,8.94427191,14.56021978,49.39635614,8.485281374,6,26,95.85405573,26.30589288,77.89736838,22.36067977,23.40939982,67.06713055,77.82030583,22.36067977,68.42514158,22.36067977,0,10.19803903,94.02127419,77.82030583,8,21.63330765,49.39635614,51.92301994
15.8113883,19.02629759,38.91015292,5.830951895,41.10960958,87.4185335,31.01612484,37.33630941,74.88658091,102.9271587,72.40165744,38.83297568,97.09788875,2.828427125,80.99382693,36.05551275,18.43908891,76.55063684,66.28725368,62.43396512,46.17358552,34.525353,96.74709298,95.01578816,31.6227766,24.16609195,36.05551275,16.1245155,76.02631123,32.984845,39.39543121,44.94441011,6.32455532,4.472135955,39.39543121,17.88854382,4.472135955,34.92849839,98.48857802,36.05551275,81.60882305,31.04834939,32.55764119,69.35416354,80.99382693,31.04834939,71.84705979,32.06243908,10.19803903,0,96.74709298,80.99382693,18.11077028,29.73213749,39.39543121,41.76122604
85.61541917,89.81091248,106.6677083,91.70605214,81.3019065,13.34166406,75.43208866,72.18032973,22.8035085,7.615773106,24.69817807,114.7693339,4.472135955,94.02127419,16.4924225,73.34848328,92.97311439,20.88061302,31.01612484,34.43835072,115.6027681,91.08238029,0,2,76.15773106,78.4346862,86.83317338,91.76055798,22.36067977,77.66595136,108.0740487,112.8007092,101.0742301,97.09788875,108.0740487,97.4063653,96.60227741,77.27871635,2,82.87339742,18,78.10249676,79.62411695,27.45906044,16.4924225,78.10249676,25.96150997,83.5463943,94.02127419,96.74709298,0,16.4924225,91.08238029,76.65507159,108.0740487,113.7013632
69.35416354,73.38937253,94.03190948,75.80237463,65.06919394,7.615773106,58.94064811,55.73149917,6.32455532,21.9544984,8.602325267,101.6070864,16.1245155,78.23042886,0,56.88585061,76.55063684,4.472135955,14.76482306,18.60107524,103.247276,74.67261881,16.4924225,14.56021978,59.66573556,62.03224968,70.45565982,75.3923073,6,61.18823416,95.41488354,100.4987562,85.08818954,81.60882305,95.41488354,80.99382693,80.62257748,60.8276253,18.43908891,66.48308055,4.472135955,61.6116872,63.15061362,13.03840481,0,61.6116872,9.486832981,67.08203932,77.82030583,80.99382693,16.4924225,0,74.67261881,60.16643583,95.41488354,100.9554357
7.615773106,1.414213562,56.30275304,13.92838828,23.53720459,80.11242101,17.02938637,22.6715681,68.35202996,96.38464608,66.40783086,56.88585061,90.62008607,16.4924225,74.67261881,21.26029163,2,70.22819946,60.08327554,57.00877125,64.03124237,16.4924225,91.08238029,89.19641248,16.97056275,12.64911064,18,2,69.07966416,17.20465053,56.92099788,62.64183905,16.4924225,22.36067977,56.92099788,6.32455532,14,18.86796226,92.97311439,18.43908891,74.3236167,15.62049935,16.1245155,64.76109943,74.67261881,15.62049935,65.19202405,14.56021978,8,18.11077028,91.08238029,74.67261881,0,15.62049935,56.92099788,59.66573556
13.92838828,14.2126704,63.38769597,24.04163056,14.76482306,65.19202405,1.414213562,7.615773106,53.85164807,81.59656856,52.17278984,66.03029608,75.89466384,27.20294102,60.16643583,6.32455532,17.20465053,55.78530272,45.89117562,43.28972164,72.11102551,17.08800749,76.65507159,74.72616677,2,6,14.4222051,16.97056275,54.40588203,4.472135955,64.28063472,70.25667228,30.52867504,32.984845,64.28063472,21.63330765,26.83281573,6.32455532,78.58753082,11.3137085,59.46427499,2.828427125,5.656854249,51.2445119,60.16643583,2.828427125,50.69516742,8.94427191,21.63330765,29.73213749,76.65507159,60.16643583,15.62049935,0,64.28063472,68.02940541
52.17278984,57.56735186,1.414213562,43.01162634,78.08969202,102.9271587,65.19202405,71.06335202,90.55385138,115.4209686,87.46427842,8.246211251,110,40.49691346,95.41488354,70.11419257,57.5847202,91.58602513,82.76472679,78.29431652,8.246211251,73.37574531,108.0740487,106.8269629,66.2721661,58.30951895,74.21590126,55.02726597,92.28217596,68.46897107,0,6,43.9089968,34.92849839,0,57.27128425,43.8634244,70.45565982,109.3434955,73.34848328,97.75479528,66.48308055,68.73136111,82.37718131,95.41488354,66.48308055,88.19297024,69.42621983,49.39635614,39.39543121,108.0740487,95.41488354,56.92099788,64.28063472,0,5.656854249
55.4436651,60.41522987,7.071067812,45.89117562,81.49846624,108.4527547,69.007246,75.00666637,96.04165763,121.0371844,92.96235797,4.472135955,115.6027681,43.17406629,100.9554357,74,60.16643583,97.09788875,88.19297024,83.72574276,4.472135955,76.15773106,113.7013632,112.4455424,70.0285656,62.03224968,77.27871635,57.72347876,97.75479528,72.11102551,5.656854249,4.472135955,45.69463864,37.36308338,5.656854249,59.46427499,46.17358552,74.10802925,114.9782588,76.65507159,103.247276,70.11419257,72.24956747,87.92041856,100.9554357,70.11419257,93.64827815,72.69112738,51.92301994,41.76122604,113.7013632,100.9554357,59.66573556,68.02940541,5.656854249,0
